1057 NDPPP from config.cfg with delay (ms)2000
$proc-m VmSize(pg), VMRSS (pg), shared-pages, code, 0,  data+stack, 0
$proc-i rchar, wchar, syscr, syscw, read_bytes, write_bytes
$proc-s state, minflt, mjflt, utime ,s_time, nthreads, VMSize, RSS(pages)'
';$Start time 11:20:10
$proc-io 6656 0 15 0 16146432 0
$proc-mem 1296 39 29 9 0 26 0
$proc-stat D 355 2 0 0 1 5308416 39
$proc-io 22519723 168 2103 7 179638272 0
$proc-mem 42577 7877 4844 9 0 3324 0
$proc-stat R 15841 39 126 27 1 174395392 7877
$proc-io 50896811 168 2969 7 208175104 0
$proc-mem 45120 10439 4844 9 0 5867 0
$proc-stat R 30098 39 297 55 1 184811520 10439
$proc-io 74031019 168 3675 7 232644608 806912
$proc-mem 54338 16287 4844 9 0 15085 0
$proc-stat R 41728 39 416 134 1 222568448 16293
$proc-io 94379951 168 4297 7 252637184 806912
$proc-mem 49684 14446 4844 9 0 10431 0
$proc-stat R 51819 39 558 192 1 203505664 14446
$proc-io 128524207 168 5339 7 285224960 806912
$proc-mem 53563 17452 4844 9 0 14310 0
$proc-stat R 70133 39 724 225 1 219394048 17452
$proc-io 162701235 168 6383 7 317796352 806912
$proc-mem 56102 20941 4844 9 0 16849 0
$proc-stat R 82740 39 888 261 1 229793792 20941
$proc-io 198188979 168 7466 7 350367744 806912
$proc-mem 59149 23742 4844 9 0 19896 0
$proc-stat R 98731 39 1059 290 1 242274304 23742
$proc-io 232169395 168 8503 7 387035136 806912
$proc-mem 62805 26812 4844 9 0 23552 0
$proc-stat R 118038 39 1223 326 1 257249280 26812
$proc-io 267886519 168 9594 7 419614720 806912
$proc-mem 67192 30036 4844 9 0 27939 0
$proc-stat R 141155 39 1393 356 1 275218432 30036
$proc-io 297738167 168 10505 7 445292544 806912
$proc-mem 98781 38809 4844 9 0 59528 0
$proc-stat R 149417 39 1535 414 1 404606976 38809
$proc-io 300928777 168 10788 7 467599360 806912
$proc-mem 84005 37249 5629 9 0 36511 0
$proc-stat S 171648 51 1573 455 1 344084480 37249
$proc-io 300928777 168 10788 7 467599360 806912
$proc-mem 84005 37249 5629 9 0 36511 0
$proc-stat S 171648 51 1573 455 1 344084480 37249
