1916  from  with delay (ms)1000
$proc-m VmSize(pg), VMRSS (pg), shared-pages, code, 0,  data+stack, 0
$proc-i rchar, wchar, syscr, syscw, read_bytes, write_bytes
$proc-s state, minflt, mjflt, utime ,s_time, nthreads, VMSize, RSS(pages)'
';$Start time 11:26:28
$proc-io 555320010 0 9890749 0 1540096 0
$proc-mem 4040 202 156 8 0 95 0
$proc-stat S 85198 11 22 240 1 16547840 202
$proc-io 558169953 0 9941345 0 1540096 0
$proc-mem 4040 205 159 8 0 95 0
$proc-stat S 85633 11 23 241 1 16547840 205
$proc-io 561079143 0 9992999 0 1540096 0
$proc-mem 4040 205 159 8 0 95 0
$proc-stat S 86074 11 23 242 1 16547840 205
$proc-io 563928812 0 10043604 0 1540096 0
$proc-mem 4040 205 159 8 0 95 0
$proc-stat S 86506 11 23 243 1 16547840 205
$proc-io 566837905 0 10095263 0 1540096 0
$proc-mem 4040 205 159 8 0 95 0
$proc-stat S 86947 11 23 244 1 16547840 205
$proc-io 569751720 0 10146952 0 1540096 0
$proc-mem 4040 205 159 8 0 95 0
$proc-stat S 87388 11 24 245 1 16547840 205
$proc-io 572547210 0 10196541 0 1540096 0
$proc-mem 4040 205 159 8 0 95 0
$proc-stat S 87811 11 24 247 1 16547840 205
$proc-io 575397882 0 10247145 0 1540096 0
$proc-mem 4040 205 159 8 0 95 0
$proc-stat S 88243 11 24 248 1 16547840 205
$proc-io 578260489 0 10297840 0 1540096 0
$proc-mem 4039 205 159 8 0 94 0
$proc-stat R 88667 11 24 249 1 16543744 205
$proc-io 581055531 0 10347417 0 1540096 0
$proc-mem 4040 205 159 8 0 95 0
$proc-stat S 89098 11 24 250 1 16547840 205
$proc-io 583916668 0 10398109 0 1540096 0
$proc-mem 4040 205 159 8 0 95 0
$proc-stat S 89530 11 24 252 1 16547840 205
$proc-io 586831209 0 10449802 0 1540096 0
$proc-mem 4040 205 159 8 0 95 0
$proc-stat S 89971 11 24 253 1 16547840 205
$proc-io 589693838 0 10500497 0 1540096 0
$proc-mem 4040 205 159 8 0 95 0
$proc-stat S 90403 11 24 254 1 16547840 205
$proc-io 592549548 0 10551140 0 1540096 0
$proc-mem 4040 205 159 8 0 95 0
$proc-stat S 90835 11 24 256 1 16547840 205
$proc-io 595471751 0 10602896 0 1540096 0
$proc-mem 4040 205 159 8 0 95 0
$proc-stat S 91276 11 24 257 1 16547840 205
$proc-io 598334425 0 10653591 0 1540096 0
$proc-mem 4040 205 159 8 0 95 0
$proc-stat S 91708 11 24 258 1 16547840 205
$proc-io 601248022 0 10705281 0 1540096 0
$proc-mem 4040 205 159 8 0 95 0
$proc-stat S 92149 11 24 260 1 16547840 205
$proc-io 604102925 0 10755921 0 1540096 0
$proc-mem 4040 205 159 8 0 95 0
$proc-stat S 92581 11 25 261 1 16547840 205
$proc-io 607012208 0 10807574 0 1540096 0
$proc-mem 4040 205 159 8 0 95 0
$proc-stat S 93022 11 25 262 1 16547840 205
$proc-io 609862076 0 10858174 0 1540096 0
$proc-mem 4040 205 159 8 0 95 0
$proc-stat S 93454 11 25 263 1 16547840 205
$proc-io 612771343 0 10909827 0 1540096 0
$proc-mem 4040 205 159 8 0 95 0
$proc-stat S 93895 11 25 265 1 16547840 205
$proc-io 615561872 0 10959373 0 1540096 0
$proc-mem 4040 205 159 8 0 95 0
$proc-stat S 94318 11 25 266 1 16547840 205
$proc-io 618530684 0 11012074 0 1540096 0
$proc-mem 4040 205 159 8 0 95 0
$proc-stat S 94768 11 25 267 1 16547840 205
$proc-io 621558892 0 11065828 0 1540096 0
$proc-mem 4040 205 159 8 0 95 0
$proc-stat S 95227 11 25 268 1 16547840 205
$proc-io 624527723 0 11118529 0 1540096 0
$proc-mem 4040 205 159 8 0 95 0
$proc-stat S 95677 11 25 269 1 16547840 205
$proc-io 627318252 0 11168073 0 1540096 0
$proc-mem 4040 205 159 8 0 95 0
$proc-stat S 96100 11 26 271 1 16547840 205
$proc-io 630227378 0 11219730 0 1540096 0
$proc-mem 4040 205 159 8 0 95 0
$proc-stat S 96541 11 26 272 1 16547840 205
$proc-io 633018902 0 11269286 0 1540096 0
$proc-mem 4040 205 159 8 0 95 0
$proc-stat S 96964 11 26 273 1 16547840 205
$proc-io 635809469 0 11318829 0 1540096 0
$proc-mem 4040 205 159 8 0 95 0
$proc-stat S 97387 11 26 274 1 16547840 205
$proc-io 638421813 0 11365213 0 1540096 0
$proc-mem 4040 205 159 8 0 95 0
$proc-stat S 97783 11 26 275 1 16547840 205
$proc-io 641212432 0 11414754 0 1540096 0
$proc-mem 4040 205 159 8 0 95 0
$proc-stat S 98206 11 26 277 1 16547840 205
$proc-io 644002961 0 11464300 0 1540096 0
$proc-mem 4040 205 159 8 0 95 0
$proc-stat S 98629 11 26 278 1 16547840 205
$proc-io 646682037 0 11511790 0 1540096 0
$proc-mem 4040 205 159 8 0 95 0
$proc-stat S 99034 11 27 279 1 16547840 205
$proc-io 649365784 0 11559319 0 1540096 0
$proc-mem 4040 205 159 8 0 95 0
$proc-stat S 99439 11 27 280 1 16547840 205
$proc-io 652168842 0 11608961 0 1540096 0
$proc-mem 4040 205 159 8 0 95 0
$proc-stat S 99862 11 27 282 1 16547840 205
$proc-io 654970417 0 11658588 0 1540096 0
$proc-mem 4040 205 159 8 0 95 0
$proc-stat S 100285 11 27 283 1 16547840 205
$proc-io 657879673 0 11710243 0 1540096 0
$proc-mem 4040 205 159 8 0 95 0
$proc-stat S 100726 11 27 284 1 16547840 205
$proc-io 660610624 0 11758740 0 1540096 0
$proc-mem 4040 205 159 8 0 95 0
$proc-stat S 101140 11 28 286 1 16547840 205
$proc-io 663400915 0 11808293 0 1540096 0
$proc-mem 4040 205 159 8 0 95 0
$proc-stat S 101563 11 28 287 1 16547840 205
$proc-io 666191301 0 11857842 0 1540096 0
$proc-mem 4040 205 159 8 0 95 0
$proc-stat S 101986 11 28 288 1 16547840 205
$proc-io 668981709 0 11907392 0 1540096 0
$proc-mem 4040 205 159 8 0 95 0
$proc-stat S 102409 11 28 290 1 16547840 205
$proc-io 671772458 0 11956952 0 1540096 0
$proc-mem 4040 205 159 8 0 95 0
$proc-stat S 102832 11 29 291 1 16547840 205
$proc-io 674575647 0 12006595 0 1540096 0
$proc-mem 4039 205 159 8 0 94 0
$proc-stat R 103247 11 29 292 1 16543744 205
$proc-io 677368304 0 12056157 0 1540096 0
$proc-mem 4040 205 159 8 0 95 0
$proc-stat S 103678 11 29 293 1 16547840 205
$proc-io 680225518 0 12106811 0 1540096 0
$proc-mem 4040 205 159 8 0 95 0
$proc-stat S 104110 11 29 294 1 16547840 205
$proc-io 683077488 0 12157430 0 1540096 0
$proc-mem 4040 205 159 8 0 95 0
$proc-stat S 104542 11 30 295 1 16547840 205
$proc-io 685875518 0 12207037 0 1540096 0
$proc-mem 4040 205 159 8 0 95 0
$proc-stat S 104965 11 30 296 1 16547840 205
$proc-io 688857859 0 12259845 0 1540096 0
$proc-mem 4040 205 159 8 0 95 0
$proc-stat S 105415 11 30 298 1 16547840 205
$proc-io 691711797 0 12310477 0 1540096 0
$proc-mem 4040 205 159 8 0 95 0
$proc-stat S 105847 11 30 299 1 16547840 205
$proc-io 694621132 0 12362131 0 1540096 0
$proc-mem 4040 205 159 8 0 95 0
$proc-stat S 106288 11 30 300 1 16547840 205
$proc-io 697530407 0 12413786 0 1540096 0
$proc-mem 4040 205 159 8 0 95 0
$proc-stat S 106729 11 30 301 1 16547840 205
$proc-io 700441430 0 12465448 0 1540096 0
$proc-mem 4040 205 159 8 0 95 0
$proc-stat S 107170 11 30 302 1 16547840 205
$proc-io 703363834 0 12517198 0 1540096 0
$proc-mem 4040 205 159 8 0 95 0
$proc-stat S 107611 11 30 304 1 16547840 205
$proc-io 706286219 0 12568949 0 1540096 0
$proc-mem 4040 205 159 8 0 95 0
$proc-stat S 108052 11 30 305 1 16547840 205
$proc-io 709148941 0 12619644 0 1540096 0
$proc-mem 4040 205 159 8 0 95 0
$proc-stat S 108484 11 30 306 1 16547840 205
$proc-io 712000510 0 12670255 0 1540096 0
$proc-mem 4040 205 159 8 0 95 0
$proc-stat S 108916 11 31 307 1 16547840 205
$proc-io 714909918 0 12721905 0 1540096 0
$proc-mem 4040 205 159 8 0 95 0
$proc-stat S 109357 11 31 309 1 16547840 205
$proc-io 717878590 0 12774612 0 1540096 0
$proc-mem 4040 205 159 8 0 95 0
$proc-stat S 109807 11 31 310 1 16547840 205
$proc-io 720787906 0 12826265 0 1540096 0
$proc-mem 4040 205 159 8 0 95 0
$proc-stat S 110248 11 31 311 1 16547840 205
$proc-io 723756597 0 12878972 0 1540096 0
$proc-mem 4040 205 159 8 0 95 0
$proc-stat S 110698 11 31 312 1 16547840 205
$proc-io 726665986 0 12930622 0 1540096 0
$proc-mem 4040 205 159 8 0 95 0
$proc-stat S 111139 11 31 314 1 16547840 205
$proc-io 729516054 0 12981217 0 1540096 0
$proc-mem 4040 205 159 8 0 95 0
$proc-stat S 111571 11 31 315 1 16547840 205
$proc-io 732425348 0 13032873 0 1540096 0
$proc-mem 4040 205 159 8 0 95 0
$proc-stat S 112012 11 31 316 1 16547840 205
$proc-io 735275378 0 13083469 0 1540096 0
$proc-mem 4040 205 159 8 0 95 0
$proc-stat S 112444 11 31 317 1 16547840 205
$proc-io 738184729 0 13135121 0 1540096 0
$proc-mem 4040 205 159 8 0 95 0
$proc-stat S 112885 11 31 318 1 16547840 205
$proc-io 741094099 0 13186772 0 1540096 0
$proc-mem 4040 205 159 8 0 95 0
$proc-stat S 113326 11 31 320 1 16547840 205
$proc-io 743944167 0 13237366 0 1540096 0
$proc-mem 4040 205 159 8 0 95 0
$proc-stat S 113758 11 31 321 1 16547840 205
$proc-io 746794292 0 13287959 0 1540096 0
$proc-mem 4040 205 159 8 0 95 0
$proc-stat S 114190 11 31 322 1 16547840 205
$proc-io 749585001 0 13337499 0 1540096 0
$proc-mem 4040 205 159 8 0 95 0
$proc-stat S 114613 11 32 324 1 16547840 205
$proc-io 752316370 0 13385984 0 1540096 0
$proc-mem 4040 205 159 8 0 95 0
$proc-stat S 115027 11 32 325 1 16547840 205
$proc-io 755047606 0 13434475 0 1540096 0
$proc-mem 4040 205 159 8 0 95 0
$proc-stat S 115441 11 32 326 1 16547840 205
$proc-io 757779461 0 13482975 0 1540096 0
$proc-mem 4040 205 159 8 0 95 0
$proc-stat S 115855 11 32 327 1 16547840 205
$proc-io 760569828 0 13532525 0 1540096 0
$proc-mem 4040 205 159 8 0 95 0
$proc-stat S 116278 11 32 328 1 16547840 205
$proc-io 763479008 0 13584182 0 1540096 0
$proc-mem 4040 205 159 8 0 95 0
$proc-stat S 116719 11 32 330 1 16547840 205
$proc-io 766328924 0 13634781 0 1540096 0
$proc-mem 4040 205 159 8 0 95 0
$proc-stat S 117151 11 33 331 1 16547840 205
$proc-io 769178821 0 13685379 0 1540096 0
$proc-mem 4040 205 159 8 0 95 0
$proc-stat S 117583 11 33 332 1 16547840 205
$proc-io 771969226 0 13734929 0 1540096 0
$proc-mem 4040 205 159 8 0 95 0
$proc-stat S 118006 11 33 333 1 16547840 205
$proc-io 774759783 0 13784475 0 1540096 0
$proc-mem 4040 205 159 8 0 95 0
$proc-stat S 118429 11 33 335 1 16547840 205
$proc-io 777550321 0 13834020 0 1540096 0
$proc-mem 4040 205 159 8 0 95 0
$proc-stat S 118852 11 33 336 1 16547840 205
$proc-io 780400088 0 13884623 0 1540096 0
$proc-mem 4040 205 159 8 0 95 0
$proc-stat S 119284 11 33 337 1 16547840 205
$proc-io 783249909 0 13935225 0 1540096 0
$proc-mem 4040 205 159 8 0 95 0
$proc-stat S 119716 11 33 338 1 16547840 205
$proc-io 786040200 0 13984776 0 1540096 0
$proc-mem 4040 205 159 8 0 95 0
$proc-stat S 120139 11 33 340 1 16547840 205
$proc-io 788830548 0 14034329 0 1540096 0
$proc-mem 4040 205 159 8 0 95 0
$proc-stat S 120562 11 33 341 1 16547840 205
$proc-io 791620991 0 14083875 0 1540096 0
$proc-mem 4040 205 159 8 0 95 0
$proc-stat S 120985 11 33 342 1 16547840 205
$proc-io 794470793 0 14134476 0 1540096 0
$proc-mem 4040 205 159 8 0 95 0
$proc-stat S 121417 11 33 344 1 16547840 205
$proc-io 797261236 0 14184024 0 1540096 0
$proc-mem 4040 205 159 8 0 95 0
$proc-stat S 121840 11 34 345 1 16547840 205
$proc-io 800111152 0 14234622 0 1540096 0
$proc-mem 4040 205 159 8 0 95 0
$proc-stat S 122272 11 34 346 1 16547840 205
$proc-io 802960862 0 14285227 0 1540096 0
$proc-mem 4040 205 159 8 0 95 0
$proc-stat S 122704 11 34 347 1 16547840 205
$proc-io 805751305 0 14334775 0 1540096 0
$proc-mem 4040 205 159 8 0 95 0
$proc-stat S 123127 11 34 348 1 16547840 205
$proc-io 808660374 0 14386435 0 1540096 0
$proc-mem 4040 205 159 8 0 95 0
$proc-stat S 123568 11 34 350 1 16547840 205
$proc-io 811510252 0 14437034 0 1540096 0
$proc-mem 4040 205 159 8 0 95 0
$proc-stat S 124000 11 34 351 1 16547840 205
$proc-io 814419584 0 14488688 0 1540096 0
$proc-mem 4040 205 159 8 0 95 0
$proc-stat S 124441 11 35 352 1 16547840 205
$proc-io 817328626 0 14540349 0 1540096 0
$proc-mem 4040 205 159 8 0 95 0
$proc-stat S 124882 11 35 353 1 16547840 205
$proc-io 820237749 0 14592005 0 1540096 0
$proc-mem 4040 205 159 8 0 95 0
$proc-stat S 125323 11 35 354 1 16547840 205
$proc-io 823206288 0 14644716 0 1540096 0
$proc-mem 4040 205 159 8 0 95 0
$proc-stat S 125773 11 35 355 1 16547840 205
$proc-io 826115487 0 14696371 0 1540096 0
$proc-mem 4040 205 159 8 0 95 0
$proc-stat S 126214 11 35 356 1 16547840 205
$proc-io 829024610 0 14748032 0 1540096 0
$proc-mem 4040 205 159 8 0 95 0
$proc-stat S 126655 11 35 357 1 16547840 205
$proc-io 831993339 0 14800737 0 1540096 0
$proc-mem 4040 205 159 8 0 95 0
$proc-stat S 127105 11 35 359 1 16547840 205
$proc-io 834902538 0 14852394 0 1540096 0
$proc-mem 4040 205 159 8 0 95 0
$proc-stat S 127546 11 36 360 1 16547840 205
$proc-io 837692889 0 14901944 0 1540096 0
$proc-mem 4040 205 159 8 0 95 0
$proc-stat S 127969 11 36 361 1 16547840 205
$proc-io 840483389 0 14951490 0 1540096 0
$proc-mem 4040 205 159 8 0 95 0
$proc-stat S 128392 11 36 362 1 16547840 205
$proc-io 843333232 0 15002093 0 1540096 0
$proc-mem 4040 205 159 8 0 95 0
$proc-stat S 128824 11 36 363 1 16547840 205
$proc-io 846182961 0 15052700 0 1540096 0
$proc-mem 4040 205 159 8 0 95 0
$proc-stat S 129256 11 36 365 1 16547840 205
$proc-io 849032877 0 15103300 0 1540096 0
$proc-mem 4040 205 159 8 0 95 0
$proc-stat S 129688 11 36 366 1 16547840 205
$proc-io 851823187 0 15152854 0 1540096 0
$proc-mem 4040 205 159 8 0 95 0
$proc-stat S 130111 11 36 367 1 16547840 205
$proc-io 854435532 0 15199239 0 1540096 0
$proc-mem 4040 205 159 8 0 95 0
$proc-stat S 130507 11 36 368 1 16547840 205
$proc-io 857107143 0 15246681 0 1540096 0
$proc-mem 4040 205 159 8 0 95 0
$proc-stat S 130912 11 36 370 1 16547840 205
$proc-io 859719398 0 15293070 0 1540096 0
$proc-mem 4040 205 159 8 0 95 0
$proc-stat S 131308 11 36 371 1 16547840 205
$proc-io 862153497 0 15336300 0 1540096 0
$proc-mem 4040 205 159 8 0 95 0
$proc-stat S 131677 11 36 372 1 16547840 205
$proc-io 864825108 0 15383744 0 1540096 0
$proc-mem 4040 205 159 8 0 95 0
$proc-stat S 132082 11 36 374 1 16547840 205
$proc-io 867555983 0 15432247 0 1540096 0
$proc-mem 4040 205 159 8 0 95 0
$proc-stat S 132496 11 37 375 1 16547840 205
$proc-io 870227369 0 15479698 0 1540096 0
$proc-mem 4040 205 159 8 0 95 0
$proc-stat S 132901 11 37 376 1 16547840 205
$proc-io 872720827 0 15523981 0 1540096 0
$proc-mem 4040 205 159 8 0 95 0
$proc-stat S 133279 11 37 377 1 16547840 205
$proc-io 875451816 0 15572478 0 1540096 0
$proc-mem 4040 205 159 8 0 95 0
$proc-stat S 133693 11 37 378 1 16547840 205
$proc-io 878123446 0 15619917 0 1540096 0
$proc-mem 4040 205 159 8 0 95 0
$proc-stat S 134098 11 37 380 1 16547840 205
$proc-io 880913727 0 15669469 0 1540096 0
$proc-mem 4040 205 159 8 0 95 0
$proc-stat S 134521 11 37 381 1 16547840 205
$proc-io 883585348 0 15716914 0 1540096 0
$proc-mem 4040 205 159 8 0 95 0
$proc-stat S 134926 11 37 382 1 16547840 205
$proc-io 886256836 0 15764361 0 1540096 0
$proc-mem 4040 205 159 8 0 95 0
$proc-stat S 135331 11 37 383 1 16547840 205
$proc-io 888987605 0 15812865 0 1540096 0
$proc-mem 4040 205 159 8 0 95 0
$proc-stat S 135745 11 37 385 1 16547840 205
$proc-io 891718526 0 15861367 0 1540096 0
$proc-mem 4040 205 159 8 0 95 0
$proc-stat S 136159 11 38 386 1 16547840 205
$proc-io 894567961 0 15911983 0 1540096 0
$proc-mem 4040 205 159 8 0 95 0
$proc-stat S 136591 11 38 387 1 16547840 205
$proc-io 897239313 0 15959434 0 1540096 0
$proc-mem 4040 205 159 8 0 95 0
$proc-stat S 136996 11 38 389 1 16547840 205
$proc-io 899792173 0 16004769 0 1540096 0
$proc-mem 4040 205 159 8 0 95 0
$proc-stat S 137383 11 38 390 1 16547840 205
$proc-io 902344919 0 16050108 0 1540096 0
$proc-mem 4040 205 159 8 0 95 0
$proc-stat S 137770 11 38 391 1 16547840 205
$proc-io 905135219 0 16099662 0 1540096 0
$proc-mem 4040 205 159 8 0 95 0
$proc-stat S 138193 11 38 393 1 16547840 205
$proc-io 907985012 0 16150265 0 1540096 0
$proc-mem 4040 205 159 8 0 95 0
$proc-stat S 138625 11 38 394 1 16547840 205
$proc-io 910775236 0 16199818 0 1540096 0
$proc-mem 4040 205 159 8 0 95 0
$proc-stat S 139048 11 38 395 1 16547840 205
$proc-io 913744056 0 16252521 0 1540096 0
$proc-mem 4040 205 159 8 0 95 0
$proc-stat S 139498 11 38 396 1 16547840 205
$proc-io 916712968 0 16305222 0 1540096 0
$proc-mem 4040 205 159 8 0 95 0
$proc-stat S 139948 11 38 397 1 16547840 205
$proc-io 919681899 0 16357923 0 1540096 0
$proc-mem 4040 205 159 8 0 95 0
$proc-stat S 140398 11 38 399 1 16547840 205
$proc-io 922591242 0 16409575 0 1540096 0
$proc-mem 4040 205 159 8 0 95 0
$proc-stat S 140839 11 38 400 1 16547840 205
$proc-io 925500284 0 16461238 0 1540096 0
$proc-mem 4040 205 159 8 0 95 0
$proc-stat S 141280 11 38 402 1 16547840 205
$proc-io 928290598 0 16510791 0 1540096 0
$proc-mem 4040 205 159 8 0 95 0
$proc-stat S 141703 11 38 403 1 16547840 205
$proc-io 931199732 0 16562452 0 1540096 0
$proc-mem 4040 205 159 8 0 95 0
$proc-stat S 142144 11 38 404 1 16547840 205
$proc-io 933990508 0 16612013 0 1540096 0
$proc-mem 4040 205 159 8 0 95 0
$proc-stat S 142567 11 38 405 1 16547840 205
$proc-io 936788167 0 16661657 0 1679360 0
$proc-mem 4040 205 159 8 0 95 0
$proc-stat S 142990 11 38 406 1 16547840 205
$proc-io 939647704 0 16712392 0 1679360 0
$proc-mem 4040 205 159 8 0 95 0
$proc-stat S 143422 11 38 408 1 16547840 205
$proc-io 942497763 0 16762988 0 1679360 0
$proc-mem 4040 205 159 8 0 95 0
$proc-stat S 143854 11 39 409 1 16547840 205
$proc-io 945347670 0 16813589 0 1679360 0
$proc-mem 4040 205 159 8 0 95 0
$proc-stat S 144286 11 39 410 1 16547840 205
$proc-io 948257196 0 16865238 0 1679360 0
$proc-mem 4040 205 159 8 0 95 0
$proc-stat S 144727 11 39 412 1 16547840 205
$proc-io 951225949 0 16917946 0 1679360 0
$proc-mem 4040 205 159 8 0 95 0
$proc-stat S 145177 11 39 413 1 16547840 205
$proc-io 954135360 0 16969599 0 1679360 0
$proc-mem 4040 205 159 8 0 95 0
$proc-stat S 145618 11 39 414 1 16547840 205
$proc-io 956985486 0 17020195 0 1679360 0
$proc-mem 4040 205 159 8 0 95 0
$proc-stat S 146050 11 39 415 1 16547840 205
$proc-io 959776061 0 17069743 0 1679360 0
$proc-mem 4040 205 159 8 0 95 0
$proc-stat S 146473 11 39 416 1 16547840 205
$proc-io 962685377 0 17121400 0 1679360 0
$proc-mem 4040 205 159 8 0 95 0
$proc-stat S 146914 11 39 418 1 16547840 205
$proc-io 965535408 0 17172000 0 1679360 0
$proc-mem 4040 205 159 8 0 95 0
$proc-stat S 147346 11 39 419 1 16547840 205
$proc-io 968504066 0 17224713 0 1679360 0
$proc-mem 4040 205 159 8 0 95 0
$proc-stat S 147796 11 40 420 1 16547840 205
$proc-io 971294641 0 17274262 0 1679360 0
$proc-mem 4040 205 159 8 0 95 0
$proc-stat S 148219 11 40 421 1 16547840 205
$proc-io 974204033 0 17325917 0 1679360 0
$proc-mem 4040 205 159 8 0 95 0
$proc-stat S 148660 11 40 422 1 16547840 205
$proc-io 977113444 0 17377573 0 1679360 0
$proc-mem 4040 205 159 8 0 95 0
$proc-stat S 149101 11 40 424 1 16547840 205
$proc-io 980022874 0 17429225 0 1679360 0
$proc-mem 4040 205 159 8 0 95 0
$proc-stat S 149542 11 40 425 1 16547840 205
$proc-io 982872886 0 17479825 0 1679360 0
$proc-mem 4040 205 159 8 0 95 0
$proc-stat S 149974 11 40 426 1 16547840 205
$proc-io 985663613 0 17529367 0 1679360 0
$proc-mem 4040 205 159 8 0 95 0
$proc-stat S 150397 11 40 427 1 16547840 205
$proc-io 988513682 0 17579965 0 1679360 0
$proc-mem 4040 205 159 8 0 95 0
$proc-stat S 150829 11 40 429 1 16547840 205
$proc-io 991304485 0 17629505 0 1679360 0
$proc-mem 4040 205 159 8 0 95 0
$proc-stat S 151252 11 40 430 1 16547840 205
$proc-io 994213934 0 17681157 0 1679360 0
$proc-mem 4040 205 159 8 0 95 0
$proc-stat S 151693 11 41 431 1 16547840 205
$proc-io 997064063 0 17731752 0 1679360 0
$proc-mem 4040 205 159 8 0 95 0
$proc-stat S 152125 11 41 432 1 16547840 205
$proc-io 999795296 0 17780247 0 1679360 0
$proc-mem 4040 205 159 8 0 95 0
$proc-stat S 152539 11 41 434 1 16547840 205
$proc-io 1002467225 0 17827683 0 1679360 0
$proc-mem 4040 205 159 8 0 95 0
$proc-stat S 152944 11 41 435 1 16547840 205
$proc-io 1005139078 0 17875123 0 1679360 0
$proc-mem 4040 205 159 8 0 95 0
$proc-stat S 153349 11 41 436 1 16547840 205
$proc-io 1007810950 0 17922561 0 1679360 0
$proc-mem 4040 205 159 8 0 95 0
$proc-stat S 153754 11 41 437 1 16547840 205
$proc-io 1010542126 0 17971056 0 1679360 0
$proc-mem 4040 205 159 8 0 95 0
$proc-stat S 154168 11 41 439 1 16547840 205
$proc-io 1013214112 0 18018490 0 1679360 0
$proc-mem 4040 205 159 8 0 95 0
$proc-stat S 154573 11 41 440 1 16547840 205
$proc-io 1015945345 0 18066982 0 1679360 0
$proc-mem 4040 205 159 8 0 95 0
$proc-stat S 154987 11 41 441 1 16547840 205
$proc-io 1018676711 0 18115471 0 1679360 0
$proc-mem 4040 205 159 8 0 95 0
$proc-stat S 155401 11 42 442 1 16547840 205
$proc-io 1021526737 0 18166069 0 1679360 0
$proc-mem 4039 205 159 8 0 94 0
$proc-stat R 155825 11 42 444 1 16543744 205
$proc-io 1024376882 0 18216664 0 1679360 0
$proc-mem 4040 205 159 8 0 95 0
$proc-stat S 156265 11 42 445 1 16547840 205
$proc-io 1027227084 0 18267258 0 1679360 0
$proc-mem 4040 205 159 8 0 95 0
$proc-stat S 156697 11 42 446 1 16547840 205
$proc-io 1030077248 0 18317853 0 1679360 0
$proc-mem 4040 205 159 8 0 95 0
$proc-stat S 157129 11 42 448 1 16547840 205
$proc-io 1033046191 0 18370555 0 1679360 0
$proc-mem 4040 205 159 8 0 95 0
$proc-stat S 157579 11 42 449 1 16547840 205
$proc-io 1036014982 0 18423260 0 1679360 0
$proc-mem 4040 205 159 8 0 95 0
$proc-stat S 158029 11 42 450 1 16547840 205
$proc-io 1038924374 0 18474914 0 1679360 0
$proc-mem 4040 205 159 8 0 95 0
$proc-stat S 158470 11 42 451 1 16547840 205
$proc-io 1041774500 0 18525509 0 1679360 0
$proc-mem 4039 205 159 8 0 94 0
$proc-stat R 158894 11 42 452 1 16543744 205
$proc-io 1044624474 0 18576110 0 1679360 0
$proc-mem 4039 205 159 8 0 94 0
$proc-stat R 159326 11 42 454 1 16543744 205
$proc-io 1047415182 0 18625655 0 1679360 0
$proc-mem 4040 205 159 8 0 95 0
$proc-stat S 159757 11 43 455 1 16547840 205
$proc-io 1050324669 0 18677307 0 1679360 0
$proc-mem 4040 205 159 8 0 95 0
$proc-stat S 160198 11 43 456 1 16547840 205
$proc-io 1053174719 0 18727905 0 1679360 0
$proc-mem 4040 205 159 8 0 95 0
$proc-stat S 160630 11 43 457 1 16547840 205
$proc-io 1056024731 0 18778506 0 1679360 0
$proc-mem 4040 205 159 8 0 95 0
$proc-stat S 161062 11 43 459 1 16547840 205
$proc-io 1058934104 0 18830163 0 1679360 0
$proc-mem 4040 205 159 8 0 95 0
$proc-stat S 161503 11 43 460 1 16547840 205
$proc-io 1061843426 0 18881820 0 1679360 0
$proc-mem 4040 205 159 8 0 95 0
$proc-stat S 161944 11 43 461 1 16547840 205
$proc-io 1064752685 0 18933477 0 1679360 0
$proc-mem 4040 205 159 8 0 95 0
$proc-stat S 162385 11 43 462 1 16547840 205
$proc-io 1067483918 0 18981968 0 1679360 0
$proc-mem 4040 205 159 8 0 95 0
$proc-stat S 162799 11 43 464 1 16547840 205
$proc-io 1070333740 0 19032573 0 1679360 0
$proc-mem 4040 205 159 8 0 95 0
$proc-stat S 163231 11 44 465 1 16547840 205
$proc-io 1073183600 0 19083178 0 1679360 0
$proc-mem 4040 205 159 8 0 95 0
$proc-stat S 163663 11 44 466 1 16547840 205
$proc-io 1076033498 0 19133782 0 1679360 0
$proc-mem 4040 205 159 8 0 95 0
$proc-stat S 164095 11 44 467 1 16547840 205
$proc-io 1078824035 0 19183332 0 1679360 0
$proc-mem 4040 205 159 8 0 95 0
$proc-stat S 164518 11 44 469 1 16547840 205
$proc-io 1081614420 0 19232885 0 1679360 0
$proc-mem 4040 205 159 8 0 95 0
$proc-stat S 164941 11 44 470 1 16547840 205
$proc-io 1084404976 0 19282431 0 1679360 0
$proc-mem 4040 205 159 8 0 95 0
$proc-stat S 165364 11 44 471 1 16547840 205
$proc-io 1087254855 0 19333033 0 1679360 0
$proc-mem 4040 205 159 8 0 95 0
$proc-stat S 165796 11 45 472 1 16547840 205
$proc-io 1090104506 0 19383642 0 1679360 0
$proc-mem 4040 205 159 8 0 95 0
$proc-stat S 166228 11 45 473 1 16547840 205
$proc-io 1092894815 0 19433196 0 1679360 0
$proc-mem 4040 205 159 8 0 95 0
$proc-stat S 166651 11 45 474 1 16547840 205
$proc-io 1095685143 0 19482748 0 1679360 0
$proc-mem 4040 205 159 8 0 95 0
$proc-stat S 167074 11 45 475 1 16547840 205
$proc-io 1098475660 0 19532304 0 1679360 0
$proc-mem 4040 205 159 8 0 95 0
$proc-stat S 167497 11 45 477 1 16547840 205
$proc-io 1101266064 0 19581854 0 1679360 0
$proc-mem 4040 205 159 8 0 95 0
$proc-stat S 167920 11 45 478 1 16547840 205
$proc-io 1104175190 0 19633515 0 1679360 0
$proc-mem 4040 205 159 8 0 95 0
$proc-stat S 168361 11 45 479 1 16547840 205
$proc-io 1106965765 0 19683063 0 1679360 0
$proc-mem 4040 205 159 8 0 95 0
$proc-stat S 168784 11 45 480 1 16547840 205
$proc-io 1109874951 0 19734723 0 1679360 0
$proc-mem 4040 205 159 8 0 95 0
$proc-stat S 169225 11 45 482 1 16547840 205
$proc-io 1112724830 0 19785326 0 1679360 0
$proc-mem 4040 205 159 8 0 95 0
$proc-stat S 169657 11 46 483 1 16547840 205
$proc-io 1115455987 0 19833819 0 1679360 0
$proc-mem 4040 205 159 8 0 95 0
$proc-stat S 170071 11 46 484 1 16547840 205
$proc-io 1118246600 0 19883365 0 1679360 0
$proc-mem 4040 205 159 8 0 95 0
$proc-stat S 170494 11 46 485 1 16547840 205
$proc-io 1121037080 0 19932915 0 1679360 0
$proc-mem 4040 205 159 8 0 95 0
$proc-stat S 170917 11 46 486 1 16547840 205
$proc-io 1123827731 0 19982461 0 1679360 0
$proc-mem 4040 205 159 8 0 95 0
$proc-stat S 171340 11 46 488 1 16547840 205
$proc-io 1126440074 0 20028850 0 1679360 0
$proc-mem 4040 205 159 8 0 95 0
$proc-stat S 171736 11 46 489 1 16547840 205
$proc-io 1128874388 0 20072074 0 1679360 0
$proc-mem 4040 205 159 8 0 95 0
$proc-stat S 172105 11 46 490 1 16547840 205
$proc-io 1131368139 0 20116349 0 1679360 0
$proc-mem 4040 205 159 8 0 95 0
$proc-stat S 172483 11 46 491 1 16547840 205
$proc-io 1134040220 0 20163780 0 1679360 0
$proc-mem 4040 205 159 8 0 95 0
$proc-stat S 172888 11 46 493 1 16547840 205
$proc-io 1136831061 0 20213319 0 1679360 0
$proc-mem 4040 205 159 8 0 95 0
$proc-stat S 173311 11 46 494 1 16547840 205
$proc-io 1139562503 0 20261804 0 1679360 0
$proc-mem 4040 205 159 8 0 95 0
$proc-stat S 173725 11 47 496 1 16547840 205
$proc-io 1142353249 0 20311345 0 1679360 0
$proc-mem 4040 205 159 8 0 95 0
$proc-stat S 174148 11 47 497 1 16547840 205
$proc-io 1144906323 0 20356677 0 1679360 0
$proc-mem 4040 205 159 8 0 95 0
$proc-stat S 174535 11 47 498 1 16547840 205
$proc-io 1147518720 0 20403064 0 1679360 0
$proc-mem 4040 205 159 8 0 95 0
$proc-stat S 174931 11 47 499 1 16547840 205
$proc-io 1150309257 0 20452612 0 1679360 0
$proc-mem 4040 205 159 8 0 95 0
$proc-stat S 175354 11 47 501 1 16547840 205
$proc-io 1153159155 0 20503217 0 1679360 0
$proc-mem 4040 205 159 8 0 95 0
$proc-stat S 175786 11 47 502 1 16547840 205
$proc-io 1155831008 0 20550654 0 1679360 0
$proc-mem 4040 205 159 8 0 95 0
$proc-stat S 176191 11 47 505 1 16547840 205
$proc-io 1158479929 0 20597585 0 1679360 0
$proc-mem 4040 205 159 8 0 95 0
$proc-stat S 176587 11 47 506 1 16547840 205
$proc-io 1161151668 0 20645023 0 1679360 0
$proc-mem 4040 205 159 8 0 95 0
$proc-stat S 176992 11 47 507 1 16547840 205
$proc-io 1163882774 0 20693518 0 1679360 0
$proc-mem 4040 205 159 8 0 95 0
$proc-stat S 177406 11 48 508 1 16547840 205
$proc-io 1166673292 0 20743066 0 1679360 0
$proc-mem 4040 205 159 8 0 95 0
$proc-stat S 177829 11 48 510 1 16547840 205
$proc-io 1169404240 0 20791565 0 1679360 0
$proc-mem 4040 205 159 8 0 95 0
$proc-stat S 178243 11 48 511 1 16547840 205
$proc-io 1172254290 0 20842161 0 1679360 0
$proc-mem 4040 205 159 8 0 95 0
$proc-stat S 178675 11 48 512 1 16547840 205
$proc-io 1175104017 0 20892769 0 1679360 0
$proc-mem 4040 205 159 8 0 95 0
$proc-stat S 179107 11 48 513 1 16547840 205
$proc-io 1177894402 0 20942321 0 1679360 0
$proc-mem 4040 205 159 8 0 95 0
$proc-stat S 179530 11 48 514 1 16547840 205
$proc-io 1180699734 0 20992087 0 1679360 0
$proc-mem 4040 205 159 8 0 95 0
$proc-stat S 179953 11 49 515 1 16547840 205
$proc-io 1183501611 0 21041821 0 1679360 0
$proc-mem 4040 205 159 8 0 95 0
$proc-stat S 180376 11 49 517 1 16547840 205
$proc-io 1186303488 0 21091555 0 1679360 0
$proc-mem 4040 205 159 8 0 95 0
$proc-stat S 180799 11 49 518 1 16547840 205
$proc-io 1189165077 0 21142344 0 1679360 0
$proc-mem 4040 205 159 8 0 95 0
$proc-stat S 181231 11 49 519 1 16547840 205
$proc-io 1192026612 0 21193135 0 1679360 0
$proc-mem 4040 205 159 8 0 95 0
$proc-stat S 181663 11 49 521 1 16547840 205
$proc-io 1194888125 0 21243928 0 1679360 0
$proc-mem 4040 205 159 8 0 95 0
$proc-stat S 182095 11 49 522 1 16547840 205
$proc-io 1197750419 0 21294727 0 1679360 0
$proc-mem 4040 205 159 8 0 95 0
$proc-stat S 182527 11 49 523 1 16547840 205
$proc-io 1200605793 0 21345413 0 1679360 0
$proc-mem 4040 205 159 8 0 95 0
$proc-stat S 182959 11 49 524 1 16547840 205
$proc-io 1203455827 0 21396013 0 1679360 0
$proc-mem 4040 205 159 8 0 95 0
$proc-stat S 183391 11 50 525 1 16547840 205
$proc-io 1206305896 0 21446610 0 1679360 0
$proc-mem 4040 205 159 8 0 95 0
$proc-stat S 183823 11 50 527 1 16547840 205
$proc-io 1209155984 0 21497206 0 1679360 0
$proc-mem 4040 205 159 8 0 95 0
$proc-stat S 184255 11 50 528 1 16547840 205
$proc-io 1211946597 0 21546751 0 1679360 0
$proc-mem 4040 205 159 8 0 95 0
$proc-stat S 184678 11 50 529 1 16547840 205
$proc-io 1214796704 0 21597346 0 1679360 0
$proc-mem 4040 205 159 8 0 95 0
$proc-stat S 185110 11 50 530 1 16547840 205
$proc-io 1217646662 0 21647947 0 1679360 0
$proc-mem 4040 205 159 8 0 95 0
$proc-stat S 185542 11 50 531 1 16547840 205
$proc-io 1220556092 0 21699599 0 1679360 0
$proc-mem 4040 205 159 8 0 95 0
$proc-stat S 185983 11 50 533 1 16547840 205
$proc-io 1223584187 0 21753364 0 1679360 0
$proc-mem 4040 205 159 8 0 95 0
$proc-stat S 186442 11 50 534 1 16547840 205
$proc-io 1226552902 0 21806075 0 1679360 0
$proc-mem 4040 205 159 8 0 95 0
$proc-stat S 186892 11 50 535 1 16547840 205
$proc-io 1229403009 0 21856672 0 1679360 0
$proc-mem 4040 205 159 8 0 95 0
$proc-stat S 187324 11 51 536 1 16547840 205
$proc-io 1232252945 0 21907275 0 1679360 0
$proc-mem 4040 205 159 8 0 95 0
$proc-stat S 187756 11 51 538 1 16547840 205
$proc-io 1235102979 0 21957875 0 1679360 0
$proc-mem 4040 205 159 8 0 95 0
$proc-stat S 188188 11 51 539 1 16547840 205
$proc-io 1238071789 0 22010583 0 1679360 0
$proc-mem 4040 205 159 8 0 95 0
$proc-stat S 188638 11 51 540 1 16547840 205
$proc-io 1240743566 0 22058022 0 1679360 0
$proc-mem 4040 205 159 8 0 95 0
$proc-stat S 189043 11 51 541 1 16547840 205
$proc-io 1243533951 0 22107577 0 1679360 0
$proc-mem 4040 205 159 8 0 95 0
$proc-stat S 189466 11 51 543 1 16547840 205
$proc-io 1246324431 0 22157128 0 1679360 0
$proc-mem 4040 205 159 8 0 95 0
$proc-stat S 189889 11 51 544 1 16547840 205
$proc-io 1248996189 0 22204572 0 1679360 0
$proc-mem 4040 205 159 8 0 95 0
$proc-stat S 190294 11 51 545 1 16547840 205
$proc-io 1251845897 0 22255181 0 1679360 0
$proc-mem 4040 205 159 8 0 95 0
$proc-stat S 190726 11 51 546 1 16547840 205
$proc-io 1254695665 0 22305790 0 1679360 0
$proc-mem 4039 205 159 8 0 94 0
$proc-stat R 191150 11 51 548 1 16543744 205
$proc-io 1257248644 0 22351124 0 1679360 0
$proc-mem 4040 205 159 8 0 95 0
$proc-stat S 191545 11 52 549 1 16547840 205
$proc-io 1260039504 0 22400662 0 1679360 0
$proc-mem 4040 205 159 8 0 95 0
$proc-stat S 191968 11 52 550 1 16547840 205
$proc-io 1262889744 0 22451254 0 1679360 0
$proc-mem 4040 205 159 8 0 95 0
$proc-stat S 192400 11 52 552 1 16547840 205
$proc-io 1265680604 0 22500792 0 1679360 0
$proc-mem 4040 205 159 8 0 95 0
$proc-stat S 192823 11 52 553 1 16547840 205
$proc-io 1268292811 0 22547185 0 1679360 0
$proc-mem 4040 205 159 8 0 95 0
$proc-stat S 193219 11 52 554 1 16547840 205
$proc-io 1270905018 0 22593576 0 1679360 0
$proc-mem 4040 205 159 8 0 95 0
$proc-stat S 193615 11 52 556 1 16547840 205
$proc-io 1273517190 0 22639972 0 1679360 0
$proc-mem 4040 205 159 8 0 95 0
$proc-stat S 194011 11 52 557 1 16547840 205
$proc-io 1276248138 0 22688475 0 1679360 0
$proc-mem 4040 205 159 8 0 95 0
$proc-stat S 194425 11 52 558 1 16547840 205
$proc-io 1278979130 0 22736978 0 1679360 0
$proc-mem 4040 205 159 8 0 95 0
$proc-stat S 194839 11 52 559 1 16547840 205
$proc-io 1281829313 0 22787572 0 1679360 0
$proc-mem 4040 205 159 8 0 95 0
$proc-stat S 195271 11 52 561 1 16547840 205
$proc-io 1284690482 0 22838267 0 1679360 0
$proc-mem 4040 205 159 8 0 95 0
$proc-stat S 195703 11 52 562 1 16547840 205
$proc-io 1287433761 0 22886859 0 1679360 0
$proc-mem 4040 205 159 8 0 95 0
$proc-stat S 196117 11 52 563 1 16547840 205
$proc-io 1290177005 0 22935450 0 1679360 0
$proc-mem 4040 205 159 8 0 95 0
$proc-stat S 196531 11 52 565 1 16547840 205
$proc-io 1292860779 0 22982979 0 1679360 0
$proc-mem 4040 205 159 8 0 95 0
$proc-stat S 196936 11 53 567 1 16547840 205
$proc-io 1295544450 0 23030512 0 1679360 0
$proc-mem 4040 205 159 8 0 95 0
$proc-stat S 197341 11 53 568 1 16547840 205
$proc-io 1298407176 0 23081211 0 1679360 0
$proc-mem 4040 205 159 8 0 95 0
$proc-stat S 197773 11 53 569 1 16547840 205
$proc-io 1301269766 0 23131915 0 1679360 0
$proc-mem 4040 205 159 8 0 95 0
$proc-stat S 198205 11 53 570 1 16547840 205
$proc-io 1304072843 0 23181557 0 1679360 0
$proc-mem 4040 205 159 8 0 95 0
$proc-stat S 198628 11 53 571 1 16547840 205
$proc-io 1306815483 0 23230152 0 1679360 0
$proc-mem 4040 205 159 8 0 95 0
$proc-stat S 199042 11 53 573 1 16547840 205
$proc-io 1309546564 0 23278650 0 1679360 0
$proc-mem 4040 205 159 8 0 95 0
$proc-stat S 199456 11 54 574 1 16547840 205
$proc-io 1312455709 0 23330311 0 1679360 0
$proc-mem 4040 205 159 8 0 95 0
$proc-stat S 199897 11 54 575 1 16547840 205
$proc-io 1315364911 0 23381970 0 1679360 0
$proc-mem 4040 205 159 8 0 95 0
$proc-stat S 200338 11 54 576 1 16547840 205
$proc-io 1318333550 0 23434682 0 1679360 0
$proc-mem 4040 205 159 8 0 95 0
$proc-stat S 200788 11 54 577 1 16547840 205
$proc-io 1321123957 0 23484235 0 1679360 0
$proc-mem 4040 205 159 8 0 95 0
$proc-stat S 201211 11 54 578 1 16547840 205
$proc-io 1323973912 0 23534836 0 1679360 0
$proc-mem 4040 205 159 8 0 95 0
$proc-stat S 201643 11 54 580 1 16547840 205
$proc-io 1326704841 0 23583336 0 1679360 0
$proc-mem 4040 205 159 8 0 95 0
$proc-stat S 202057 11 54 581 1 16547840 205
$proc-io 1329376542 0 23630776 0 1679360 0
$proc-mem 4040 205 159 8 0 95 0
$proc-stat S 202462 11 54 582 1 16547840 205
$proc-io 1332226402 0 23681377 0 1679360 0
$proc-mem 4040 205 159 8 0 95 0
$proc-stat S 202894 11 55 583 1 16547840 205
$proc-io 1335076322 0 23731979 0 1679360 0
$proc-mem 4040 205 159 8 0 95 0
$proc-stat S 203326 11 55 584 1 16547840 205
$proc-io 1337926353 0 23782578 0 1679360 0
$proc-mem 4040 205 159 8 0 95 0
$proc-stat S 203758 11 55 585 1 16547840 205
$proc-io 1340777562 0 23833192 0 1679360 0
$proc-mem 4040 205 159 8 0 95 0
$proc-stat S 204190 11 55 587 1 16547840 205
$proc-io 1343628623 0 23883800 0 1679360 0
$proc-mem 4040 205 159 8 0 95 0
$proc-stat S 204622 11 55 588 1 16547840 205
$proc-io 1346478787 0 23934394 0 1679360 0
$proc-mem 4040 205 159 8 0 95 0
$proc-stat S 205054 11 55 590 1 16547840 205
$proc-io 1349328761 0 23984997 0 1679360 0
$proc-mem 4040 205 159 8 0 95 0
$proc-stat S 205486 11 55 591 1 16547840 205
$proc-io 1352119412 0 24034542 0 1679360 0
$proc-mem 4040 205 159 8 0 95 0
$proc-stat S 205909 11 56 592 1 16547840 205
$proc-io 1354969557 0 24085137 0 1679360 0
$proc-mem 4040 205 159 8 0 95 0
$proc-stat S 206341 11 56 593 1 16547840 205
$proc-io 1357878949 0 24136791 0 1679360 0
$proc-mem 4040 205 159 8 0 95 0
$proc-stat S 206782 11 56 595 1 16547840 205
$proc-io 1360669752 0 24186332 0 1679360 0
$proc-mem 4040 205 159 8 0 95 0
$proc-stat S 207205 11 56 596 1 16547840 205
$proc-io 1363401099 0 24234820 0 1679360 0
$proc-mem 4040 205 159 8 0 95 0
$proc-stat S 207619 11 56 597 1 16547840 205
$proc-io 1366311927 0 24286490 0 1679360 0
$proc-mem 4040 205 159 8 0 95 0
$proc-stat S 208060 11 56 598 1 16547840 205
$proc-io 1369280889 0 24339191 0 1679360 0
$proc-mem 4040 205 159 8 0 95 0
$proc-stat S 208510 11 56 600 1 16547840 205
$proc-io 1372309269 0 24392945 0 1679360 0
$proc-mem 4040 205 159 8 0 95 0
$proc-stat S 208969 11 56 601 1 16547840 205
$proc-io 1375278269 0 24445645 0 1679360 0
$proc-mem 4040 205 159 8 0 95 0
$proc-stat S 209419 11 56 602 1 16547840 205
$proc-io 1378069034 0 24495187 0 1679360 0
$proc-mem 4040 205 159 8 0 95 0
$proc-stat S 209842 11 56 603 1 16547840 205
$proc-io 1380919008 0 24545786 0 1679360 0
$proc-mem 4040 205 159 8 0 95 0
$proc-stat S 210274 11 56 605 1 16547840 205
$proc-io 1383769061 0 24596384 0 1679360 0
$proc-mem 4040 205 159 8 0 95 0
$proc-stat S 210706 11 56 606 1 16547840 205
$proc-io 1386618981 0 24646987 0 1679360 0
$proc-mem 4040 205 159 8 0 95 0
$proc-stat S 211138 11 56 607 1 16547840 205
$proc-io 1389409635 0 24696532 0 1679360 0
$proc-mem 4040 205 159 8 0 95 0
$proc-stat S 211561 11 56 608 1 16547840 205
$proc-io 1392378597 0 24749233 0 1679360 0
$proc-mem 4040 205 159 8 0 95 0
$proc-stat S 212011 11 56 610 1 16547840 205
$proc-io 1395288046 0 24800886 0 1679360 0
$proc-mem 4040 205 159 8 0 95 0
$proc-stat S 212452 11 57 611 1 16547840 205
$proc-io 1398197267 0 24852545 0 1679360 0
$proc-mem 4040 205 159 8 0 95 0
$proc-stat S 212893 11 57 612 1 16547840 205
$proc-io 1401166042 0 24905254 0 1679360 0
$proc-mem 4040 205 159 8 0 95 0
$proc-stat S 213343 11 57 613 1 16547840 205
$proc-io 1403897297 0 24953746 0 1679360 0
$proc-mem 4040 205 159 8 0 95 0
$proc-stat S 213757 11 57 614 1 16547840 205
$proc-io 1406628606 0 25002236 0 1679360 0
$proc-mem 4040 205 159 8 0 95 0
$proc-stat S 214171 11 57 616 1 16547840 205
$proc-io 1409359820 0 25050729 0 1679360 0
$proc-mem 4040 205 159 8 0 95 0
$proc-stat S 214585 11 57 617 1 16547840 205
$proc-io 1412150357 0 25100279 0 1679360 0
$proc-mem 4040 205 159 8 0 95 0
$proc-stat S 215008 11 57 619 1 16547840 205
$proc-io 1415000350 0 25150881 0 1679360 0
$proc-mem 4040 205 159 8 0 95 0
$proc-stat S 215440 11 57 620 1 16547840 205
$proc-io 1417791058 0 25200425 0 1679360 0
$proc-mem 4040 205 159 8 0 95 0
$proc-stat S 215863 11 57 621 1 16547840 205
$proc-io 1420403531 0 25246809 0 1679360 0
$proc-mem 4040 205 159 8 0 95 0
$proc-stat S 216259 11 57 622 1 16547840 205
$proc-io 1423134802 0 25295301 0 1679360 0
$proc-mem 4040 205 159 8 0 95 0
$proc-stat S 216673 11 58 624 1 16547840 205
$proc-io 1425925399 0 25344848 0 1679360 0
$proc-mem 4040 205 159 8 0 95 0
$proc-stat S 217096 11 58 625 1 16547840 205
$proc-io 1428775398 0 25395449 0 1679360 0
$proc-mem 4040 205 159 8 0 95 0
$proc-stat S 217528 11 58 626 1 16547840 205
$proc-io 1431684771 0 25447104 0 1679360 0
$proc-mem 4040 205 159 8 0 95 0
$proc-stat S 217969 11 58 627 1 16547840 205
$proc-io 1434594220 0 25498755 0 1679360 0
$proc-mem 4040 205 159 8 0 95 0
$proc-stat S 218410 11 58 628 1 16547840 205
$proc-io 1437562973 0 25551465 0 1679360 0
$proc-mem 4040 205 159 8 0 95 0
$proc-stat S 218860 11 58 629 1 16547840 205
$proc-io 1440472213 0 25603126 0 1679360 0
$proc-mem 4040 205 159 8 0 95 0
$proc-stat S 219301 11 59 631 1 16547840 205
$proc-io 1443203465 0 25651618 0 1679360 0
$proc-mem 4040 205 159 8 0 95 0
$proc-stat S 219715 11 59 632 1 16547840 205
$proc-io 1446112838 0 25703275 0 1679360 0
$proc-mem 4040 205 159 8 0 95 0
$proc-stat S 220156 11 59 633 1 16547840 205
$proc-io 1448903527 0 25752820 0 1679360 0
$proc-mem 4040 205 159 8 0 95 0
$proc-stat S 220579 11 59 634 1 16547840 205
$proc-io 1451753444 0 25803426 0 1679360 0
$proc-mem 4040 205 159 8 0 95 0
$proc-stat S 221011 11 59 635 1 16547840 205
$proc-io 1454603405 0 25854028 0 1679360 0
$proc-mem 4040 205 159 8 0 95 0
$proc-stat S 221443 11 59 637 1 16547840 205
$proc-io 1457512930 0 25905678 0 1679360 0
$proc-mem 4040 205 159 8 0 95 0
$proc-stat S 221884 11 60 638 1 16547840 205
$proc-io 1460362847 0 25956281 0 1679360 0
$proc-mem 4040 205 159 8 0 95 0
$proc-stat S 222316 11 60 639 1 16547840 205
$proc-io 1463094156 0 26004771 0 1679360 0
$proc-mem 4040 205 159 8 0 95 0
$proc-stat S 222730 11 60 640 1 16547840 205
$proc-io 1465706591 0 26051158 0 1679360 0
$proc-mem 4040 205 159 8 0 95 0
$proc-stat S 223126 11 60 641 1 16547840 205
$proc-io 1468378596 0 26098592 0 1679360 0
$proc-mem 4040 205 159 8 0 95 0
$proc-stat S 223531 11 60 643 1 16547840 205
$proc-io 1471050509 0 26146028 0 1679360 0
$proc-mem 4040 205 159 8 0 95 0
$proc-stat S 223936 11 60 644 1 16547840 205
$proc-io 1473781745 0 26194522 0 1679360 0
$proc-mem 4040 205 159 8 0 95 0
$proc-stat S 224350 11 60 646 1 16547840 205
$proc-io 1476395129 0 26240920 0 1679360 0
$proc-mem 4040 205 159 8 0 95 0
$proc-stat S 224746 11 61 647 1 16547840 205
$proc-io 1479304673 0 26292569 0 1679360 0
$proc-mem 4040 205 159 8 0 95 0
$proc-stat S 225187 11 61 648 1 16547840 205
$proc-io 1482273654 0 26345270 0 1679360 0
$proc-mem 4040 205 159 8 0 95 0
$proc-stat S 225637 11 61 649 1 16547840 205
$proc-io 1485183274 0 26396916 0 1679360 0
$proc-mem 4040 205 159 8 0 95 0
$proc-stat S 226078 11 61 650 1 16547840 205
$proc-io 1487914507 0 26445408 0 1679360 0
$proc-mem 4040 205 159 8 0 95 0
$proc-stat S 226492 11 61 652 1 16547840 205
$proc-io 1490824032 0 26497057 0 1679360 0
$proc-mem 4040 205 159 8 0 95 0
$proc-stat S 226933 11 61 653 1 16547840 205
$proc-io 1493674044 0 26547655 0 1679360 0
$proc-mem 4040 205 159 8 0 95 0
$proc-stat S 227365 11 61 654 1 16547840 205
$proc-io 1496524018 0 26598257 0 1679360 0
$proc-mem 4040 205 159 8 0 95 0
$proc-stat S 227797 11 61 656 1 16547840 205
$proc-io 1499433315 0 26649913 0 1679360 0
$proc-mem 4040 205 159 8 0 95 0
$proc-stat S 228238 11 61 657 1 16547840 205
$proc-io 1502342767 0 26701565 0 1679360 0
$proc-mem 4040 205 159 8 0 95 0
$proc-stat S 228679 11 62 658 1 16547840 205
$proc-io 1505252086 0 26753221 0 1679360 0
$proc-mem 4040 205 159 8 0 95 0
$proc-stat S 229120 11 62 659 1 16547840 205
$proc-io 1507983284 0 26801714 0 1679360 0
$proc-mem 4040 205 159 8 0 95 0
$proc-stat S 229534 11 62 660 1 16547840 205
$proc-io 1510773688 0 26851266 0 1679360 0
$proc-mem 4040 205 159 8 0 95 0
$proc-stat S 229957 11 62 661 1 16547840 205
$proc-io 1513623605 0 26901869 0 1679360 0
$proc-mem 4040 205 159 8 0 95 0
$proc-stat S 230389 11 62 662 1 16547840 205
$proc-io 1516414009 0 26951420 0 1679360 0
$proc-mem 4040 205 159 8 0 95 0
$proc-stat S 230812 11 63 663 1 16547840 205
$proc-io 1519323234 0 27003086 0 1679360 0
$proc-mem 4040 205 159 8 0 95 0
$proc-stat S 231253 11 63 665 1 16547840 205
$proc-io 1521994688 0 27050535 0 1679360 0
$proc-mem 4040 205 159 8 0 95 0
$proc-stat S 231658 11 63 666 1 16547840 205
$proc-io 1524547572 0 27095870 0 1818624 0
$proc-mem 4040 205 159 8 0 95 0
$proc-stat S 232045 11 63 667 1 16547840 205
$proc-io 1527337900 0 27145423 0 1818624 0
$proc-mem 4040 205 159 8 0 95 0
$proc-stat S 232468 11 63 668 1 16547840 205
$proc-io 1530068905 0 27193921 0 1818624 0
$proc-mem 4040 205 159 8 0 95 0
$proc-stat S 232882 11 63 669 1 16547840 205
$proc-io 1532859347 0 27243471 0 1818624 0
$proc-mem 4040 205 159 8 0 95 0
$proc-stat S 233305 11 63 671 1 16547840 205
$proc-io 1535530953 0 27290913 0 1818624 0
$proc-mem 4040 205 159 8 0 95 0
$proc-stat S 233710 11 63 672 1 16547840 205
$proc-io 1538321243 0 27340469 0 1818624 0
$proc-mem 4040 205 159 8 0 95 0
$proc-stat S 234133 11 64 673 1 16547840 205
$proc-io 1541111558 0 27390025 0 1818624 0
$proc-mem 4040 205 159 8 0 95 0
$proc-stat S 234556 11 64 674 1 16547840 205
$proc-io 1543783221 0 27437468 0 1818624 0
$proc-mem 4040 205 159 8 0 95 0
$proc-stat S 234961 11 64 676 1 16547840 205
$proc-io 1546632834 0 27488082 0 1818624 0
$proc-mem 4040 205 159 8 0 95 0
$proc-stat S 235393 11 64 677 1 16547840 205
$proc-io 1549423105 0 27537637 0 1818624 0
$proc-mem 4040 205 159 8 0 95 0
$proc-stat S 235816 11 64 678 1 16547840 205
$proc-io 1552272797 0 27588246 0 1818624 0
$proc-mem 4040 205 159 8 0 95 0
$proc-stat S 236248 11 64 679 1 16547840 205
$proc-io 1554944463 0 27635693 0 1818624 0
$proc-mem 4040 205 159 8 0 95 0
$proc-stat S 236653 11 64 681 1 16547840 205
$proc-io 1557675433 0 27684195 0 1818624 0
$proc-mem 4040 205 159 8 0 95 0
$proc-stat S 237067 11 64 682 1 16547840 205
$proc-io 1560346795 0 27731648 0 1818624 0
$proc-mem 4040 205 159 8 0 95 0
$proc-stat S 237472 11 64 683 1 16547840 205
$proc-io 1563136952 0 27781207 0 1818624 0
$proc-mem 4040 205 159 8 0 95 0
$proc-stat S 237895 11 64 684 1 16547840 205
$proc-io 1565867919 0 27829708 0 1818624 0
$proc-mem 4040 205 159 8 0 95 0
$proc-stat S 238309 11 64 686 1 16547840 205
$proc-io 1568598908 0 27878206 0 1818624 0
$proc-mem 4040 205 159 8 0 95 0
$proc-stat S 238723 11 64 687 1 16547840 205
$proc-io 1571448616 0 27928816 0 1818624 0
$proc-mem 4040 205 159 8 0 95 0
$proc-stat S 239155 11 65 688 1 16547840 205
$proc-io 1574179567 0 27977316 0 1818624 0
$proc-mem 4040 205 159 8 0 95 0
$proc-stat S 239569 11 65 689 1 16547840 205
$proc-io 1576969912 0 28026872 0 1818624 0
$proc-mem 4040 205 159 8 0 95 0
$proc-stat S 239992 11 65 691 1 16547840 205
$proc-io 1579700803 0 28075375 0 1818624 0
$proc-mem 4040 205 159 8 0 95 0
$proc-stat S 240406 11 65 692 1 16547840 205
$proc-io 1582372390 0 28122817 0 1818624 0
$proc-mem 4040 205 159 8 0 95 0
$proc-stat S 240811 11 65 693 1 16547840 205
$proc-io 1584984483 0 28169212 0 1818624 0
$proc-mem 4040 205 159 8 0 95 0
$proc-stat S 241207 11 65 694 1 16547840 205
$proc-io 1587656583 0 28216642 0 1818624 0
$proc-mem 4040 205 159 8 0 95 0
$proc-stat S 241612 11 65 696 1 16547840 205
$proc-io 1590506823 0 28267234 0 1818624 0
$proc-mem 4040 205 159 8 0 95 0
$proc-stat S 242044 11 66 697 1 16547840 205
$proc-io 1593297645 0 28316774 0 1818624 0
$proc-mem 4040 205 159 8 0 95 0
$proc-stat S 242467 11 66 698 1 16547840 205
$proc-io 1595909909 0 28363162 0 1818624 0
$proc-mem 4040 205 159 8 0 95 0
$proc-stat S 242863 11 66 699 1 16547840 205
$proc-io 1598581809 0 28410607 0 1818624 0
$proc-mem 4040 205 159 8 0 95 0
$proc-stat S 243268 11 66 700 1 16547840 205
$proc-io 1601312662 0 28459107 0 1818624 0
$proc-mem 4040 205 159 8 0 95 0
$proc-stat S 243682 11 66 702 1 16547840 205
$proc-io 1604043591 0 28507606 0 1818624 0
$proc-mem 4040 205 159 8 0 95 0
$proc-stat S 244096 11 66 703 1 16547840 205
$proc-io 1606714931 0 28555057 0 1818624 0
$proc-mem 4040 205 159 8 0 95 0
$proc-stat S 244501 11 67 704 1 16547840 205
$proc-io 1609386898 0 28602491 0 1818624 0
$proc-mem 4040 205 159 8 0 95 0
$proc-stat S 244906 11 67 705 1 16547840 205
$proc-io 1611998972 0 28648884 0 1818624 0
$proc-mem 4040 205 159 8 0 95 0
$proc-stat S 245302 11 67 706 1 16547840 205
$proc-io 1614611103 0 28695276 0 1818624 0
$proc-mem 4040 205 159 8 0 95 0
$proc-stat S 245698 11 67 707 1 16547840 205
$proc-io 1617282484 0 28742727 0 1818624 0
$proc-mem 4040 205 159 8 0 95 0
$proc-stat S 246103 11 67 709 1 16547840 205
$proc-io 1620132021 0 28793339 0 1818624 0
$proc-mem 4040 205 159 8 0 95 0
$proc-stat S 246535 11 67 710 1 16547840 205
$proc-io 1622922352 0 28842895 0 1818624 0
$proc-mem 4040 205 159 8 0 95 0
$proc-stat S 246958 11 67 711 1 16547840 205
$proc-io 1625712528 0 28892454 0 1818624 0
$proc-mem 4040 205 159 8 0 95 0
$proc-stat S 247381 11 67 713 1 16547840 205
$proc-io 1628443495 0 28940954 0 1818624 0
$proc-mem 4040 205 159 8 0 95 0
$proc-stat S 247795 11 67 714 1 16547840 205
$proc-io 1631174557 0 28989452 0 1818624 0
$proc-mem 4040 205 159 8 0 95 0
$proc-stat S 248209 11 68 715 1 16547840 205
$proc-io 1633845954 0 29036904 0 1818624 0
$proc-mem 4040 205 159 8 0 95 0
$proc-stat S 248614 11 68 716 1 16547840 205
$proc-io 1636576791 0 29085410 0 1818624 0
$proc-mem 4040 205 159 8 0 95 0
$proc-stat S 249028 11 68 718 1 16547840 205
$proc-io 1639367157 0 29134963 0 1818624 0
$proc-mem 4040 205 159 8 0 95 0
$proc-stat S 249451 11 68 719 1 16547840 205
$proc-io 1642098124 0 29183466 0 1818624 0
$proc-mem 4040 205 159 8 0 95 0
$proc-stat S 249865 11 68 720 1 16547840 205
$proc-io 1644947718 0 29234078 0 1818624 0
$proc-mem 4040 205 159 8 0 95 0
$proc-stat S 250297 11 68 721 1 16547840 205
$proc-io 1647619191 0 29281530 0 1818624 0
$proc-mem 4040 205 159 8 0 95 0
$proc-stat S 250702 11 68 722 1 16547840 205
$proc-io 1650290778 0 29328977 0 1818624 0
$proc-mem 4040 205 159 8 0 95 0
$proc-stat S 251107 11 69 724 1 16547840 205
$proc-io 1653021631 0 29377483 0 1818624 0
$proc-mem 4040 205 159 8 0 95 0
$proc-stat S 251521 11 69 725 1 16547840 205
$proc-io 1655811959 0 29427038 0 1818624 0
$proc-mem 4040 205 159 8 0 95 0
$proc-stat S 251944 11 69 727 1 16547840 205
$proc-io 1658602287 0 29476591 0 1818624 0
$proc-mem 4040 205 159 8 0 95 0
$proc-stat S 252367 11 69 728 1 16547840 205
$proc-io 1661214633 0 29522978 0 1818624 0
$proc-mem 4040 205 159 8 0 95 0
$proc-stat S 252763 11 69 729 1 16547840 205
$proc-io 1663886356 0 29570420 0 1818624 0
$proc-mem 4040 205 159 8 0 95 0
$proc-stat S 253168 11 69 730 1 16547840 205
$proc-io 1666617513 0 29618916 0 1818624 0
$proc-mem 4040 205 159 8 0 95 0
$proc-stat S 253582 11 70 731 1 16547840 205
$proc-io 1669467563 0 29669514 0 1818624 0
$proc-mem 4040 205 159 8 0 95 0
$proc-stat S 254014 11 70 733 1 16547840 205
$proc-io 1672317537 0 29720115 0 1818624 0
$proc-mem 4040 205 159 8 0 95 0
$proc-stat S 254446 11 70 734 1 16547840 205
$proc-io 1675167492 0 29770716 0 1818624 0
$proc-mem 4040 205 159 8 0 95 0
$proc-stat S 254878 11 70 735 1 16547840 205
$proc-io 1678017504 0 29821318 0 1818624 0
$proc-mem 4040 205 159 8 0 95 0
$proc-stat S 255310 11 70 736 1 16547840 205
$proc-io 1680867440 0 29871921 0 1818624 0
$proc-mem 4040 205 159 8 0 95 0
$proc-stat S 255742 11 70 738 1 16547840 205
$proc-io 1683776721 0 29923578 0 1818624 0
$proc-mem 4039 205 159 8 0 94 0
$proc-stat R 256175 11 70 739 1 16543744 205
$proc-io 1686626695 0 29974178 0 1818624 0
$proc-mem 4040 205 159 8 0 95 0
$proc-stat S 256615 11 70 740 1 16547840 205
$proc-io 1689535973 0 30025837 0 1818624 0
$proc-mem 4040 205 159 8 0 95 0
$proc-stat S 257056 11 70 742 1 16547840 205
$proc-io 1692385814 0 30076444 0 1818624 0
$proc-mem 4040 205 159 8 0 95 0
$proc-stat S 257488 11 70 743 1 16547840 205
$proc-io 1695354776 0 30129145 0 1818624 0
$proc-mem 4040 205 159 8 0 95 0
$proc-stat S 257938 11 70 744 1 16547840 205
$proc-io 1698323719 0 30181846 0 1818624 0
$proc-mem 4040 205 159 8 0 95 0
$proc-stat S 258388 11 71 745 1 16547840 205
$proc-io 1701352061 0 30235601 0 1818624 0
$proc-mem 4040 205 159 8 0 95 0
$proc-stat S 258847 11 71 746 1 16547840 205
$proc-io 1704261532 0 30287251 0 1818624 0
$proc-mem 4040 205 159 8 0 95 0
$proc-stat S 259288 11 71 748 1 16547840 205
$proc-io 1707111468 0 30337853 0 1818624 0
$proc-mem 4040 205 159 8 0 95 0
$proc-stat S 259720 11 71 749 1 16547840 205
$proc-io 1709902138 0 30387398 0 1818624 0
$proc-mem 4040 205 159 8 0 95 0
$proc-stat S 260143 11 71 751 1 16547840 205
$proc-io 1712811549 0 30439051 0 1818624 0
$proc-mem 4040 205 159 8 0 95 0
$proc-stat S 260584 11 71 752 1 16547840 205
$proc-io 1715602257 0 30488595 0 1818624 0
$proc-mem 4040 205 159 8 0 95 0
$proc-stat S 261007 11 71 753 1 16547840 205
$proc-io 1718571219 0 30541296 0 1818624 0
$proc-mem 4040 205 159 8 0 95 0
$proc-stat S 261457 11 71 754 1 16547840 205
$proc-io 1721421288 0 30591893 0 1818624 0
$proc-mem 4040 205 159 8 0 95 0
$proc-stat S 261889 11 72 755 1 16547840 205
$proc-io 1724330661 0 30643546 0 1818624 0
$proc-mem 4040 205 159 8 0 95 0
$proc-stat S 262330 11 72 756 1 16547840 205
$proc-io 1727180616 0 30694147 0 1818624 0
$proc-mem 4040 205 159 8 0 95 0
$proc-stat S 262762 11 72 758 1 16547840 205
$proc-io 1730089970 0 30745801 0 1818624 0
$proc-mem 4040 205 159 8 0 95 0
$proc-stat S 263203 11 72 759 1 16547840 205
$proc-io 1732940004 0 30796400 0 1818624 0
$proc-mem 4040 205 159 8 0 95 0
$proc-stat S 263635 11 72 760 1 16547840 205
$proc-io 1735849339 0 30848055 0 1818624 0
$proc-mem 4039 205 159 8 0 94 0
$proc-stat R 264068 11 73 761 1 16543744 205
$proc-io 1738640009 0 30897599 0 1818624 0
$proc-mem 4040 205 159 8 0 95 0
$proc-stat S 264499 11 73 762 1 16547840 205
$proc-io 1741430625 0 30947146 0 1818624 0
$proc-mem 4040 205 159 8 0 95 0
$proc-stat S 264922 11 73 763 1 16547840 205
$proc-io 1744340032 0 30998798 0 1818624 0
$proc-mem 4040 205 159 8 0 95 0
$proc-stat S 265363 11 73 765 1 16547840 205
$proc-io 1747011845 0 31046235 0 1818624 0
$proc-mem 4040 205 159 8 0 95 0
$proc-stat S 265768 11 73 766 1 16547840 205
$proc-io 1749624262 0 31092617 0 1818624 0
$proc-mem 4040 205 159 8 0 95 0
$proc-stat S 266164 11 73 767 1 16547840 205
$proc-io 1752355300 0 31141112 0 1818624 0
$proc-mem 4040 205 159 8 0 95 0
$proc-stat S 266578 11 73 768 1 16547840 205
$proc-io 1755145905 0 31190654 0 1818624 0
$proc-mem 4040 205 159 8 0 95 0
$proc-stat S 267001 11 73 770 1 16547840 205
$proc-io 1757817585 0 31238096 0 1818624 0
$proc-mem 4040 205 159 8 0 95 0
$proc-stat S 267406 11 74 771 1 16547840 205
$proc-io 1760548547 0 31286595 0 1818624 0
$proc-mem 4040 205 159 8 0 95 0
$proc-stat S 267820 11 74 772 1 16547840 205
$proc-io 1763398396 0 31337196 0 1818624 0
$proc-mem 4040 205 159 8 0 95 0
$proc-stat S 268252 11 74 773 1 16547840 205
$proc-io 1766307641 0 31388849 0 1818624 0
$proc-mem 4040 205 159 8 0 95 0
$proc-stat S 268693 11 74 774 1 16547840 205
$proc-io 1769038693 0 31437344 0 1818624 0
$proc-mem 4040 205 159 8 0 95 0
$proc-stat S 269107 11 74 775 1 16547840 205
$proc-io 1771710335 0 31484787 0 1818624 0
$proc-mem 4040 205 159 8 0 95 0
$proc-stat S 269512 11 75 776 1 16547840 205
$proc-io 1774560968 0 31535404 0 1818624 0
$proc-mem 4040 205 159 8 0 95 0
$proc-stat S 269944 11 75 778 1 16547840 205
$proc-io 1777355847 0 31585018 0 1818624 0
$proc-mem 4040 205 159 8 0 95 0
$proc-stat S 270367 11 75 779 1 16547840 205
$proc-io 1780216230 0 31635776 0 1818624 0
$proc-mem 4040 205 159 8 0 95 0
$proc-stat S 270799 11 75 780 1 16547840 205
$proc-io 1783006555 0 31685327 0 1818624 0
$proc-mem 4040 205 159 8 0 95 0
$proc-stat S 271222 11 75 782 1 16547840 205
$proc-io 1785796884 0 31734879 0 1818624 0
$proc-mem 4040 205 159 8 0 95 0
$proc-stat S 271645 11 75 783 1 16547840 205
$proc-io 1788706159 0 31786532 0 1818624 0
$proc-mem 4040 205 159 8 0 95 0
$proc-stat S 272086 11 75 784 1 16547840 205
$proc-io 1791496602 0 31836082 0 1818624 0
$proc-mem 4040 205 159 8 0 95 0
$proc-stat S 272509 11 75 785 1 16547840 205
$proc-io 1794287026 0 31885630 0 1818624 0
$proc-mem 4040 205 159 8 0 95 0
$proc-stat S 272932 11 75 786 1 16547840 205
$proc-io 1797077279 0 31935184 0 1818624 0
$proc-mem 4040 205 159 8 0 95 0
$proc-stat S 273355 11 76 788 1 16547840 205
$proc-io 1799808363 0 31983677 0 1818624 0
$proc-mem 4040 205 159 8 0 95 0
$proc-stat S 273769 11 76 789 1 16547840 205
$proc-io 1802420710 0 32030062 0 1818624 0
$proc-mem 4040 205 159 8 0 95 0
$proc-stat S 274165 11 76 790 1 16547840 205
$proc-io 1805389534 0 32082764 0 1818624 0
$proc-mem 4040 205 159 8 0 95 0
$proc-stat S 274615 11 76 791 1 16547840 205
$proc-io 1808358434 0 32135464 0 1818624 0
$proc-mem 4040 205 159 8 0 95 0
$proc-stat S 275065 11 76 792 1 16547840 205
$proc-io 1811327334 0 32188164 0 1818624 0
$proc-mem 4040 205 159 8 0 95 0
$proc-stat S 275515 11 76 794 1 16547840 205
$proc-io 1814236457 0 32239821 0 1818624 0
$proc-mem 4040 205 159 8 0 95 0
$proc-stat S 275956 11 76 795 1 16547840 205
$proc-io 1816967294 0 32288316 0 1818624 0
$proc-mem 4040 205 159 8 0 95 0
$proc-stat S 276370 11 76 796 1 16547840 205
$proc-io 1819816792 0 32338925 0 1818624 0
$proc-mem 4040 205 159 8 0 95 0
$proc-stat S 276802 11 77 797 1 16547840 205
$proc-io 1822547553 0 32387426 0 1818624 0
$proc-mem 4040 205 159 8 0 95 0
$proc-stat S 277216 11 77 799 1 16547840 205
$proc-io 1825337850 0 32436974 0 1818624 0
$proc-mem 4040 205 159 8 0 95 0
$proc-stat S 277639 11 77 800 1 16547840 205
$proc-io 1828247231 0 32488627 0 1818624 0
$proc-mem 4040 205 159 8 0 95 0
$proc-stat S 278080 11 77 801 1 16547840 205
$proc-io 1831037607 0 32538177 0 1818624 0
$proc-mem 4040 205 159 8 0 95 0
$proc-stat S 278503 11 77 802 1 16547840 205
$proc-io 1833827644 0 32587736 0 1818624 0
$proc-mem 4040 205 159 8 0 95 0
$proc-stat S 278926 11 77 803 1 16547840 205
$proc-io 1836609038 0 32637167 0 1818624 0
$proc-mem 4040 205 159 8 0 95 0
$proc-stat S 279349 11 77 805 1 16547840 205
$proc-io 1839389449 0 32686579 0 1818624 0
$proc-mem 4040 205 159 8 0 95 0
$proc-stat S 279772 11 77 806 1 16547840 205
$proc-io 1842164627 0 32735964 0 1818624 0
$proc-mem 4040 205 159 8 0 95 0
$proc-stat S 280195 11 78 807 1 16547840 205
$proc-io 1843406006 278 32758025 3 2584576 4096
$proc-mem 4040 317 269 8 0 95 0
$proc-stat S 280489 18 78 808 1 16547840 317
$proc-io 1843409668 278 32758065 3 2584576 4096
$proc-mem 4040 317 269 8 0 95 0
$proc-stat S 280489 18 78 808 1 16547840 317
$proc-io 1843413348 278 32758105 3 2584576 4096
$proc-mem 4040 317 269 8 0 95 0
$proc-stat S 280489 18 78 808 1 16547840 317
$proc-io 1843417035 4374 32758145 4 2584576 8192
$proc-mem 4040 317 269 8 0 95 0
$proc-stat S 280489 18 78 808 1 16547840 317
$proc-io 1843420735 4374 32758185 4 2584576 8192
$proc-mem 4040 317 269 8 0 95 0
$proc-stat S 280489 18 78 808 1 16547840 317
$proc-io 1843424508 4374 32758225 4 2584576 8192
$proc-mem 4040 317 269 8 0 95 0
$proc-stat S 280489 18 78 808 1 16547840 317
$proc-io 1843428300 8470 32758265 5 2584576 12288
$proc-mem 4040 317 269 8 0 95 0
$proc-stat S 280489 18 78 808 1 16547840 317
$proc-io 1843432100 8470 32758305 5 2584576 12288
$proc-mem 4040 317 269 8 0 95 0
$proc-stat S 280489 18 78 808 1 16547840 317
$proc-io 1843435917 8470 32758345 5 2584576 12288
$proc-mem 4040 317 269 8 0 95 0
$proc-stat S 280489 18 78 809 1 16547840 317
$proc-io 1843439877 12566 32758385 6 2584576 16384
$proc-mem 4040 317 269 8 0 95 0
$proc-stat S 280489 18 78 809 1 16547840 317
$proc-io 1843443732 12566 32758425 6 2584576 16384
$proc-mem 4040 317 269 8 0 95 0
$proc-stat S 280489 18 78 809 1 16547840 317
$proc-io 1843447670 12566 32758465 6 2584576 16384
$proc-mem 4040 317 269 8 0 95 0
$proc-stat S 280489 18 78 809 1 16547840 317
$proc-io 1843451592 16662 32758505 7 2584576 20480
$proc-mem 4040 317 269 8 0 95 0
$proc-stat S 280489 18 78 809 1 16547840 317
$proc-io 1843455498 16662 32758545 7 2584576 20480
$proc-mem 4040 317 269 8 0 95 0
$proc-stat S 280489 18 78 809 1 16547840 317
$proc-io 1843459468 16662 32758585 7 2584576 20480
$proc-mem 4040 317 269 8 0 95 0
$proc-stat S 280489 18 78 809 1 16547840 317
$proc-io 1843463326 20758 32758625 8 2584576 24576
$proc-mem 4040 317 269 8 0 95 0
$proc-stat S 280489 18 78 810 1 16547840 317
$proc-io 1843467141 20758 32758665 8 2584576 24576
$proc-mem 4040 317 269 8 0 95 0
$proc-stat S 280489 18 79 810 1 16547840 317
$proc-io 1843470965 20758 32758705 8 2584576 24576
$proc-mem 4040 317 269 8 0 95 0
$proc-stat S 280489 18 79 810 1 16547840 317
$proc-io 1843474795 24854 32758745 9 2584576 28672
$proc-mem 4040 317 269 8 0 95 0
$proc-stat S 280489 18 79 810 1 16547840 317
$proc-io 1843478625 24854 32758785 9 2584576 28672
$proc-mem 4040 317 269 8 0 95 0
$proc-stat S 280489 18 79 810 1 16547840 317
$proc-io 1843482456 24854 32758825 9 2584576 28672
$proc-mem 4040 317 269 8 0 95 0
$proc-stat S 280489 18 79 810 1 16547840 317
$proc-io 1843486286 28950 32758865 10 2584576 32768
$proc-mem 4040 317 269 8 0 95 0
$proc-stat S 280489 18 79 810 1 16547840 317
$proc-io 1843490116 28950 32758905 10 2584576 32768
$proc-mem 4040 317 269 8 0 95 0
$proc-stat S 280489 18 79 810 1 16547840 317
$proc-io 1843493954 28950 32758945 10 2584576 32768
$proc-mem 4040 317 269 8 0 95 0
$proc-stat S 280489 18 79 810 1 16547840 317
$proc-io 1843497865 33046 32758985 11 2584576 36864
$proc-mem 4040 317 269 8 0 95 0
$proc-stat S 280489 18 79 810 1 16547840 317
$proc-io 1843501895 33046 32759025 11 2584576 36864
$proc-mem 4040 317 269 8 0 95 0
$proc-stat S 280489 18 79 810 1 16547840 317
$proc-io 1843505522 33046 32759061 11 2584576 36864
$proc-mem 4040 317 269 8 0 95 0
$proc-stat R 280489 18 80 810 1 16547840 317
$proc-io 1843509552 37142 32759101 12 2584576 40960
$proc-mem 4040 317 269 8 0 95 0
$proc-stat S 280489 18 80 810 1 16547840 317
