2108 NDPPP from config.cfg with delay (ms)100
$proc-m VmSize(pg), VMRSS (pg), shared-pages, code, 0,  data+stack, 0
$proc-i rchar, wchar, syscr, syscw, read_bytes, write_bytes
$proc-s state, minflt, mjflt, utime ,s_time, nthreads, VMSize, RSS(pages)'
';$Start time 11:34:7
$proc-io 6656 0 15 0 9641984 0
$proc-mem 1296 39 29 9 0 26 0
$proc-stat R 355 2 0 0 1 5308416 39
$proc-io 17472 0 28 0 60383232 0
$proc-mem 19994 102 64 9 0 379 0
$proc-stat D 420 11 0 2 1 81895424 102
$proc-io 29120 0 42 0 92614656 0
$proc-mem 31217 170 106 9 0 437 0
$proc-stat D 485 20 0 4 1 127864832 170
$proc-io 37440 0 52 0 105160704 0
$proc-mem 39856 2507 2238 9 0 574 0
$proc-stat R 2846 32 4 5 1 163250176 2507
$proc-io 1657759 168 543 7 105459712 0
$proc-mem 40793 6281 4825 9 0 1540 0
$proc-stat R 6894 36 10 6 1 167088128 6281
$proc-io 6725547 168 1621 7 107261952 0
$proc-mem 40914 6451 4844 9 0 1661 0
$proc-stat R 7111 36 17 7 1 167583744 6451
$proc-io 7806891 168 1654 7 107261952 0
$proc-mem 41029 6548 4844 9 0 1776 0
$proc-stat R 7788 36 25 8 1 168054784 6548
$proc-io 8757163 168 1683 7 113356800 0
$proc-mem 41099 6635 4844 9 0 1846 0
$proc-stat R 8227 36 33 9 1 168341504 6635
$proc-io 9838507 168 1716 7 113356800 0
$proc-mem 41201 6733 4844 9 0 1948 0
$proc-stat R 8831 36 42 11 1 168759296 6733
$proc-io 10919851 168 1749 7 117432320 0
$proc-mem 41346 6829 4844 9 0 2093 0
$proc-stat R 9657 36 50 13 1 169353216 6829
$proc-io 12296107 168 1791 7 117432320 0
$proc-mem 41442 6952 4844 9 0 2189 0
$proc-stat R 10257 36 59 14 1 169746432 6952
$proc-io 14163883 168 1848 7 117432320 0
$proc-mem 41693 7123 4844 9 0 2440 0
$proc-stat R 11689 36 68 15 1 170774528 7124
$proc-io 16031659 168 1905 7 121507840 0
$proc-mem 41858 7292 4844 9 0 2605 0
$proc-stat R 12681 36 76 17 1 171450368 7292
$proc-io 17932203 168 1963 7 121507840 0
$proc-mem 42056 7464 4844 9 0 2803 0
$proc-stat R 13842 36 85 18 1 172261376 7464
$proc-io 19570603 168 2013 7 125579264 0
$proc-mem 42293 7612 4844 9 0 3040 0
$proc-stat R 15177 36 93 20 1 173232128 7612
$proc-io 20684715 168 2047 7 125579264 0
$proc-mem 42293 7713 4844 9 0 3040 0
$proc-stat R 15278 36 100 23 1 173232128 7713
$proc-io 21798827 168 2081 7 125579264 0
$proc-mem 42293 7813 4844 9 0 3040 0
$proc-stat R 15378 36 108 24 1 173232128 7813
$proc-io 22847403 168 2113 7 129650688 0
$proc-mem 42578 7905 4844 9 0 3325 0
$proc-stat R 16894 36 117 26 1 174399488 7905
$proc-io 23961515 168 2147 7 129650688 0
$proc-mem 42578 8007 4844 9 0 3325 0
$proc-stat R 16996 36 126 27 1 174399488 8007
$proc-io 25075627 168 2181 7 129650688 0
$proc-mem 42578 8108 4844 9 0 3325 0
$proc-stat R 17097 36 134 29 1 174399488 8108
$proc-io 26386347 168 2221 7 129650688 0
$proc-mem 42920 8226 4844 9 0 3667 0
$proc-stat R 18924 36 142 31 1 175800320 8226
$proc-io 28286891 168 2279 7 133726208 0
$proc-mem 42920 8397 4844 9 0 3667 0
$proc-stat R 19095 36 150 32 1 175800320 8397
$proc-io 30121899 168 2335 7 133726208 0
$proc-mem 43330 8563 4844 9 0 4077 0
$proc-stat R 21312 36 158 34 1 177479680 8563
$proc-io 32022443 168 2393 7 137805824 0
$proc-mem 43330 8736 4844 9 0 4077 0
$proc-stat R 21485 36 167 36 1 177479680 8736
$proc-io 33824683 168 2448 7 137805824 0
$proc-mem 43822 8899 4844 9 0 4569 0
$proc-stat R 24109 36 176 37 1 179494912 8899
$proc-io 35757995 168 2507 7 141877248 0
$proc-mem 43822 9074 4844 9 0 4569 0
$proc-stat R 24284 36 185 38 1 179494912 9074
$proc-io 37724075 168 2567 7 141877248 0
$proc-mem 43822 9251 4844 9 0 4569 0
$proc-stat R 24461 36 193 40 1 179494912 9251
$proc-io 39460779 168 2620 7 145948672 0
$proc-mem 44412 9408 4844 9 0 5159 0
$proc-stat R 27571 36 202 42 1 181911552 9408
$proc-io 41426859 168 2680 7 145948672 0
$proc-mem 44412 9584 4844 9 0 5159 0
$proc-stat R 27747 36 210 43 1 181911552 9584
$proc-io 43392939 168 2740 7 145948672 0
$proc-mem 44412 9762 4844 9 0 5159 0
$proc-stat R 27925 36 219 45 1 181911552 9762
$proc-io 45326251 168 2799 7 150020096 0
$proc-mem 44412 9937 4844 9 0 5159 0
$proc-stat R 28100 36 227 46 1 181911552 9937
$proc-io 47062955 168 2852 7 150020096 0
$proc-mem 45121 10093 4844 9 0 5868 0
$proc-stat R 31799 36 235 48 1 184815616 10093
$proc-io 48996267 168 2911 7 154091520 0
$proc-mem 45121 10267 4844 9 0 5868 0
$proc-stat R 31973 36 243 50 1 184815616 10267
$proc-io 50962347 168 2971 7 154091520 0
$proc-mem 45121 10444 4844 9 0 5868 0
$proc-stat R 32150 36 252 51 1 184815616 10444
$proc-io 52862891 168 3029 7 158167040 0
$proc-mem 45121 10618 4844 9 0 5868 0
$proc-stat R 32324 36 261 52 1 184815616 10618
$proc-io 54534059 168 3080 7 158167040 0
$proc-mem 45971 10770 4844 9 0 6718 0
$proc-stat R 36728 36 270 54 1 188297216 10770
$proc-io 56500139 168 3140 7 162242560 0
$proc-mem 45971 10945 4844 9 0 6718 0
$proc-stat R 36903 36 278 55 1 188297216 10945
$proc-io 58433451 168 3199 7 162242560 0
$proc-mem 45971 11122 4844 9 0 6718 0
$proc-stat R 37080 36 287 57 1 188297216 11122
$proc-io 60399531 168 3259 7 162242560 0
$proc-mem 45971 11299 4844 9 0 6718 0
$proc-stat R 37257 36 295 58 1 188297216 11299
$proc-io 62332843 168 3318 7 166309888 0
$proc-mem 45971 11474 4844 9 0 6718 0
$proc-stat R 37432 36 303 60 1 188297216 11474
$proc-io 63971243 168 3368 7 166309888 0
$proc-mem 46992 11621 4844 9 0 7739 0
$proc-stat R 42681 36 311 62 1 192479232 11621
$proc-io 65871787 168 3426 7 170381312 0
$proc-mem 46992 11792 4844 9 0 7739 0
$proc-stat R 42852 36 320 63 1 192479232 11792
$proc-io 67837867 168 3486 7 170381312 0
$proc-mem 46992 11970 4844 9 0 7739 0
$proc-stat R 43030 36 328 65 1 192479232 11970
$proc-io 69771179 168 3545 7 174452736 0
$proc-mem 46992 12145 4844 9 0 7739 0
$proc-stat R 43205 36 337 66 1 192479232 12145
$proc-io 71737259 168 3605 7 174452736 0
$proc-mem 46992 12322 4844 9 0 7739 0
$proc-stat R 43382 36 346 68 1 192479232 12322
$proc-io 73670571 168 3664 7 178524160 0
$proc-mem 46992 12496 4844 9 0 7739 0
$proc-stat R 43556 36 354 69 1 192479232 12496
$proc-io 74031019 168 3675 7 178540544 3018752
$proc-mem 54339 16051 4844 9 0 15086 0
$proc-stat R 47111 36 356 77 1 222572544 16051
$proc-io 75112363 168 3708 7 178540544 17100800
$proc-mem 48216 12626 4844 9 0 8963 0
$proc-stat R 49809 36 362 81 1 197492736 12626
$proc-io 77078443 168 3768 7 178540544 17100800
$proc-mem 48216 12804 4844 9 0 8963 0
$proc-stat R 49987 36 371 82 1 197492736 12804
$proc-io 79044523 168 3828 7 182611968 17100800
$proc-mem 48216 12980 4844 9 0 8963 0
$proc-stat R 50164 36 380 83 1 197492736 12981
$proc-io 81010603 168 3888 7 182611968 17100800
$proc-mem 48216 13159 4844 9 0 8963 0
$proc-stat R 50342 36 388 85 1 197492736 13159
$proc-io 82943915 168 3947 7 186687488 17100800
$proc-mem 48216 13334 4844 9 0 8963 0
$proc-stat R 50517 36 397 86 1 197492736 13334
$proc-io 84909995 168 4007 7 186687488 17100800
$proc-mem 48216 13513 4844 9 0 8963 0
$proc-stat R 50696 36 405 88 1 197492736 13513
$proc-io 86876075 168 4067 7 190758912 17100800
$proc-mem 48216 13688 4844 9 0 8963 0
$proc-stat R 50871 36 413 90 1 197492736 13688
$proc-io 88317871 168 4112 7 190758912 17100800
$proc-mem 49685 13819 4844 9 0 10432 0
$proc-stat R 58349 36 421 92 1 203509760 13819
$proc-io 90251183 168 4171 7 194834432 17100800
$proc-mem 49685 13995 4844 9 0 10432 0
$proc-stat R 58525 36 429 94 1 203509760 13995
$proc-io 92217263 168 4231 7 194834432 17100800
$proc-mem 49685 14172 4844 9 0 10432 0
$proc-stat R 58702 36 437 96 1 203509760 14172
$proc-io 94183343 168 4291 7 198909952 17100800
$proc-mem 49685 14348 4844 9 0 10432 0
$proc-stat R 58878 36 446 97 1 203509760 14348
$proc-io 96149423 168 4351 7 198909952 17100800
$proc-mem 49685 14526 4844 9 0 10432 0
$proc-stat R 59057 36 455 98 1 203509760 14527
$proc-io 98115503 168 4411 7 198909952 17100800
$proc-mem 49685 14704 4844 9 0 10432 0
$proc-stat R 59234 36 464 99 1 203509760 14704
$proc-io 100016047 168 4469 7 202981376 17100800
$proc-mem 49685 14876 4844 9 0 10432 0
$proc-stat R 59407 36 473 101 1 203509760 14877
$proc-io 101949359 168 4528 7 202981376 17100800
$proc-mem 49685 15052 4844 9 0 10432 0
$proc-stat R 59582 36 481 102 1 203509760 15052
$proc-io 103849903 168 4586 7 207056896 17100800
$proc-mem 49685 15222 4844 9 0 10432 0
$proc-stat R 59752 36 490 103 1 203509760 15222
$proc-io 105226159 168 4628 7 207056896 17100800
$proc-mem 51449 15345 4844 9 0 12196 0
$proc-stat R 68691 36 497 106 1 210735104 15345
$proc-io 107126703 168 4686 7 211132416 17100800
$proc-mem 51449 15518 4844 9 0 12196 0
$proc-stat R 68864 36 506 107 1 210735104 15518
$proc-io 108666799 168 4733 7 211132416 17100800
$proc-mem 51449 15656 4844 9 0 12196 0
$proc-stat R 69002 36 514 109 1 210735104 15656
$proc-io 109780911 168 4767 7 211132416 17100800
$proc-mem 51449 15757 4844 9 0 12196 0
$proc-stat R 69103 36 523 110 1 210735104 15757
$proc-io 110862255 168 4800 7 215207936 17100800
$proc-mem 51449 15857 4844 9 0 12196 0
$proc-stat R 69203 36 532 111 1 210735104 15857
$proc-io 111976367 168 4834 7 215207936 17100800
$proc-mem 51449 15957 4844 9 0 12196 0
$proc-stat R 69303 36 540 113 1 210735104 15957
$proc-io 113123247 168 4869 7 215207936 17100800
$proc-mem 51449 16058 4844 9 0 12196 0
$proc-stat R 69404 36 549 114 1 210735104 16058
$proc-io 114663343 168 4916 7 215207936 17100800
$proc-mem 51449 16198 4844 9 0 12196 0
$proc-stat R 69544 36 558 115 1 210735104 16198
$proc-io 116596655 168 4975 7 219279360 17100800
$proc-mem 51449 16374 4844 9 0 12196 0
$proc-stat R 69720 36 566 117 1 210735104 16374
$proc-io 118562735 168 5035 7 219279360 17100800
$proc-mem 51449 16551 4844 9 0 12196 0
$proc-stat R 69897 36 575 118 1 210735104 16551
$proc-io 120496047 168 5094 7 223354880 17100800
$proc-mem 51449 16727 4844 9 0 12196 0
$proc-stat R 70073 36 583 120 1 210735104 16727
$proc-io 122462127 168 5154 7 223354880 17100800
$proc-mem 51449 16904 4844 9 0 12196 0
$proc-stat R 70250 36 592 122 1 210735104 16904
$proc-io 123379631 168 5182 7 227430400 17100800
$proc-mem 64144 27241 4844 9 0 24891 0
$proc-stat R 80587 36 597 126 1 262733824 27241
$proc-io 123379631 168 5182 7 227430400 17223680
$proc-mem 64144 27241 4844 9 0 24891 0
$proc-stat R 80587 36 598 136 1 262733824 27241
$proc-io 125149103 168 5236 7 227430400 17223680
$proc-mem 53564 17146 4844 9 0 14311 0
$proc-stat R 81072 36 606 138 1 219398144 17146
$proc-io 127115183 168 5296 7 227430400 17223680
$proc-mem 53564 17324 4844 9 0 14311 0
$proc-stat R 81250 36 614 139 1 219398144 17324
$proc-io 129048495 168 5355 7 231505920 17223680
$proc-mem 53564 17499 4844 9 0 14311 0
$proc-stat R 81425 36 623 141 1 219398144 17499
$proc-io 131014575 168 5415 7 231505920 17223680
$proc-mem 53564 17676 4844 9 0 14311 0
$proc-stat R 81602 36 631 143 1 219398144 17676
$proc-io 132882351 168 5472 7 235577344 17223680
$proc-mem 53564 17844 4844 9 0 14311 0
$proc-stat R 81770 36 639 145 1 219398144 17844
$proc-io 134750127 168 5529 7 235577344 17223680
$proc-mem 53564 18013 4844 9 0 14311 0
$proc-stat R 81939 36 648 146 1 219398144 18013
$proc-io 136650671 168 5587 7 239648768 17223680
$proc-mem 53564 18184 4844 9 0 14311 0
$proc-stat R 82111 36 656 147 1 219398144 18185
$proc-io 138551215 168 5645 7 239648768 17223680
$proc-mem 53564 18357 4844 9 0 14311 0
$proc-stat R 82283 36 665 149 1 219398144 18357
$proc-io 140058543 168 5691 7 243724288 17223680
$proc-mem 53564 18494 4844 9 0 14311 0
$proc-stat D 82420 36 672 150 1 219398144 18494
$proc-io 140058543 168 5691 7 243724288 17223680
$proc-mem 53564 18494 4844 9 0 14311 0
$proc-stat D 82420 36 672 150 1 219398144 18494
$proc-io 140058543 168 5691 7 243724288 17223680
$proc-mem 53564 18494 4844 9 0 14311 0
$proc-stat D 82420 36 672 150 1 219398144 18494
$proc-io 140058543 168 5691 7 243724288 17223680
$proc-mem 53564 18494 4844 9 0 14311 0
$proc-stat D 82420 36 672 150 1 219398144 18494
$proc-io 140058543 168 5691 7 243724288 17223680
$proc-mem 53564 18494 4844 9 0 14311 0
$proc-stat D 82420 36 672 150 1 219398144 18494
$proc-io 140058543 168 5691 7 243724288 17223680
$proc-mem 53564 18494 4844 9 0 14311 0
$proc-stat D 82420 36 672 150 1 219398144 18494
$proc-io 140058543 168 5691 7 243724288 17223680
$proc-mem 53564 18494 4844 9 0 14311 0
$proc-stat D 82420 36 672 150 1 219398144 18494
$proc-io 140058543 168 5691 7 243724288 17223680
$proc-mem 53564 18494 4844 9 0 14311 0
$proc-stat D 82420 36 672 150 1 219398144 18494
$proc-io 140058543 168 5691 7 243724288 17223680
$proc-mem 53564 18494 4844 9 0 14311 0
$proc-stat D 82420 36 672 150 1 219398144 18494
$proc-io 140058543 168 5691 7 243724288 17223680
$proc-mem 53564 18494 4844 9 0 14311 0
$proc-stat D 82420 36 672 150 1 219398144 18494
$proc-io 140058543 168 5691 7 243724288 17223680
$proc-mem 53564 18494 4844 9 0 14311 0
$proc-stat D 82420 36 672 150 1 219398144 18494
$proc-io 140058543 168 5691 7 243724288 17223680
$proc-mem 53564 18494 4844 9 0 14311 0
$proc-stat D 82420 36 672 150 1 219398144 18494
$proc-io 140058543 168 5691 7 243724288 17223680
$proc-mem 53564 18494 4844 9 0 14311 0
$proc-stat D 82420 36 672 150 1 219398144 18494
$proc-io 140058543 168 5691 7 243724288 17223680
$proc-mem 53564 18494 4844 9 0 14311 0
$proc-stat D 82420 36 672 150 1 219398144 18494
$proc-io 140386223 168 5701 7 243724288 17223680
$proc-mem 53564 18523 4844 9 0 14311 0
$proc-stat R 82449 36 674 150 1 219398144 18523
$proc-io 141500335 168 5735 7 243724288 17223680
$proc-mem 53564 18623 4844 9 0 14311 0
$proc-stat R 82549 36 683 152 1 219398144 18623
$proc-io 142516143 168 5766 7 243724288 17223680
$proc-mem 53564 18715 4844 9 0 14311 0
$proc-stat R 82641 36 691 154 1 219398144 18715
$proc-io 143564719 168 5798 7 243724288 17223680
$proc-mem 53564 18810 4844 9 0 14311 0
$proc-stat R 82736 36 700 155 1 219398144 18810
$proc-io 144646063 168 5831 7 247799808 17223680
$proc-mem 53564 18908 4844 9 0 14311 0
$proc-stat R 82834 36 709 156 1 219398144 18908
$proc-io 145629107 168 5862 7 247799808 17223680
$proc-mem 53564 18996 4844 9 0 14311 0
$proc-stat R 82922 36 718 157 1 219398144 18996
$proc-io 146743219 168 5896 7 247799808 17223680
$proc-mem 53564 19096 4844 9 0 14311 0
$proc-stat R 83022 36 726 159 1 219398144 19096
$proc-io 147136435 168 5908 7 247799808 17223680
$proc-mem 56103 19131 4844 9 0 16850 0
$proc-stat R 95752 36 732 163 1 229797888 19131
$proc-io 148185011 168 5940 7 247799808 17223680
$proc-mem 56103 19227 4844 9 0 16850 0
$proc-stat R 95848 36 741 164 1 229797888 19227
$proc-io 148447155 168 5948 7 251871232 17223680
$proc-mem 56103 19251 4844 9 0 16850 0
$proc-stat D 95872 36 743 164 1 229797888 19251
$proc-io 148447155 168 5948 7 251871232 17223680
$proc-mem 56103 19251 4844 9 0 16850 0
$proc-stat D 95872 36 743 164 1 229797888 19251
$proc-io 148447155 168 5948 7 251871232 17223680
$proc-mem 56103 19251 4844 9 0 16850 0
$proc-stat D 95872 36 743 164 1 229797888 19251
$proc-io 148447155 168 5948 7 251871232 17223680
$proc-mem 56103 19251 4844 9 0 16850 0
$proc-stat D 95872 36 743 164 1 229797888 19251
$proc-io 148447155 168 5948 7 251871232 17223680
$proc-mem 56103 19251 4844 9 0 16850 0
$proc-stat D 95872 36 743 164 1 229797888 19251
$proc-io 148447155 168 5948 7 251871232 17223680
$proc-mem 56103 19251 4844 9 0 16850 0
$proc-stat D 95872 36 743 164 1 229797888 19251
$proc-io 148447155 168 5948 7 251871232 17223680
$proc-mem 56103 19251 4844 9 0 16850 0
$proc-stat D 95872 36 743 164 1 229797888 19251
$proc-io 148447155 168 5948 7 251871232 17223680
$proc-mem 56103 19251 4844 9 0 16850 0
$proc-stat D 95872 36 743 164 1 229797888 19251
$proc-io 148447155 168 5948 7 251871232 17223680
$proc-mem 56103 19251 4844 9 0 16850 0
$proc-stat D 95872 36 743 164 1 229797888 19251
$proc-io 148447155 168 5948 7 251871232 17223680
$proc-mem 56103 19251 4844 9 0 16850 0
$proc-stat D 95872 36 743 164 1 229797888 19251
$proc-io 148447155 168 5948 7 251871232 17223680
$proc-mem 56103 19251 4844 9 0 16850 0
$proc-stat D 95872 36 743 164 1 229797888 19251
$proc-io 148447155 168 5948 7 251871232 17223680
$proc-mem 56103 19251 4844 9 0 16850 0
$proc-stat D 95872 36 743 164 1 229797888 19251
$proc-io 148447155 168 5948 7 251871232 17223680
$proc-mem 56103 19251 4844 9 0 16850 0
$proc-stat D 95872 36 743 164 1 229797888 19251
$proc-io 148447155 168 5948 7 251871232 17223680
$proc-mem 56103 19251 4844 9 0 16850 0
$proc-stat D 95872 36 743 164 1 229797888 19251
$proc-io 148447155 168 5948 7 251871232 17223680
$proc-mem 56103 19251 4844 9 0 16850 0
$proc-stat D 95872 36 743 164 1 229797888 19251
$proc-io 148709299 168 5956 7 251871232 17223680
$proc-mem 56103 19275 4844 9 0 16850 0
$proc-stat R 95896 36 745 165 1 229797888 19275
$proc-io 149790643 168 5989 7 251871232 17223680
$proc-mem 56103 19371 4844 9 0 16850 0
$proc-stat R 95992 36 754 165 1 229797888 19371
$proc-io 150904755 168 6023 7 251871232 17223680
$proc-mem 56103 19471 4844 9 0 16850 0
$proc-stat R 96092 36 763 167 1 229797888 19471
$proc-io 151986099 168 6056 7 251871232 17223680
$proc-mem 56103 19569 4844 9 0 16850 0
$proc-stat R 96190 36 772 168 1 229797888 19569
$proc-io 153067443 168 6089 7 255946752 17223680
$proc-mem 56103 19666 4844 9 0 16850 0
$proc-stat R 96287 36 780 169 1 229797888 19666
$proc-io 154181555 168 6123 7 255946752 17223680
$proc-mem 56103 19766 4844 9 0 16850 0
$proc-stat R 96387 36 789 171 1 229797888 19766
$proc-io 155295667 168 6157 7 255946752 17223680
$proc-mem 56103 19868 4844 9 0 16850 0
$proc-stat R 96489 36 798 172 1 229797888 19868
$proc-io 156835763 168 6204 7 258904064 17223680
$proc-mem 56103 20009 4844 9 0 16850 0
$proc-stat D 96630 36 807 173 1 229797888 20009
$proc-io 156835763 168 6204 7 258904064 17223680
$proc-mem 56103 20009 4844 9 0 16850 0
$proc-stat D 96630 36 807 173 1 229797888 20009
$proc-io 156835763 168 6204 7 258904064 17223680
$proc-mem 56103 20009 4844 9 0 16850 0
$proc-stat D 96630 36 807 173 1 229797888 20009
$proc-io 156835763 168 6204 7 258904064 17223680
$proc-mem 56103 20009 4844 9 0 16850 0
$proc-stat D 96630 36 807 173 1 229797888 20009
$proc-io 156835763 168 6204 7 258904064 17223680
$proc-mem 56103 20009 4844 9 0 16850 0
$proc-stat D 96630 36 807 173 1 229797888 20009
$proc-io 156835763 168 6204 7 258904064 17223680
$proc-mem 56103 20009 4844 9 0 16850 0
$proc-stat D 96630 36 807 173 1 229797888 20009
$proc-io 156835763 168 6204 7 258904064 17223680
$proc-mem 56103 20009 4844 9 0 16850 0
$proc-stat D 96630 36 807 173 1 229797888 20009
$proc-io 156835763 168 6204 7 258904064 17223680
$proc-mem 56103 20009 4844 9 0 16850 0
$proc-stat D 96630 36 807 173 1 229797888 20009
$proc-io 156835763 168 6204 7 258904064 17223680
$proc-mem 56103 20009 4844 9 0 16850 0
$proc-stat D 96630 36 807 173 1 229797888 20009
$proc-io 156835763 168 6204 7 258904064 17223680
$proc-mem 56103 20009 4844 9 0 16850 0
$proc-stat D 96630 36 807 173 1 229797888 20009
$proc-io 156835763 168 6204 7 258904064 17223680
$proc-mem 56103 20009 4844 9 0 16850 0
$proc-stat D 96630 36 807 173 1 229797888 20009
$proc-io 156835763 168 6204 7 258904064 17223680
$proc-mem 56103 20009 4844 9 0 16850 0
$proc-stat D 96630 36 807 173 1 229797888 20009
$proc-io 156835763 168 6204 7 258904064 17223680
$proc-mem 56103 20009 4844 9 0 16850 0
$proc-stat D 96630 36 807 173 1 229797888 20009
$proc-io 156835763 168 6204 7 258904064 17223680
$proc-mem 56103 20009 4844 9 0 16850 0
$proc-stat D 96630 36 807 173 1 229797888 20009
$proc-io 156835763 168 6204 7 258904064 17223680
$proc-mem 56103 20009 4844 9 0 16850 0
$proc-stat D 96630 36 807 173 1 229797888 20009
$proc-io 156835763 168 6204 7 258904064 17223680
$proc-mem 56103 20009 4844 9 0 16850 0
$proc-stat D 96630 36 807 173 1 229797888 20009
$proc-io 156835763 168 6204 7 258904064 17223680
$proc-mem 56103 20009 4844 9 0 16850 0
$proc-stat D 96630 36 807 173 1 229797888 20009
$proc-io 156835763 168 6204 7 258904064 17223680
$proc-mem 56103 20009 4844 9 0 16850 0
$proc-stat D 96630 36 807 173 1 229797888 20009
$proc-io 156835763 168 6204 7 258904064 17223680
$proc-mem 56103 20009 4844 9 0 16850 0
$proc-stat D 96630 36 807 173 1 229797888 20009
$proc-io 157360051 168 6220 7 258904064 17223680
$proc-mem 56103 20054 4844 9 0 16850 0
$proc-stat R 96675 36 811 173 1 229797888 20054
$proc-io 158474163 168 6254 7 258904064 17223680
$proc-mem 56103 20154 4844 9 0 16850 0
$proc-stat R 96775 36 819 175 1 229797888 20154
$proc-io 159588275 168 6288 7 258904064 17223680
$proc-mem 56103 20256 4844 9 0 16850 0
$proc-stat R 96877 36 828 176 1 229797888 20256
$proc-io 160702387 168 6322 7 258904064 17223680
$proc-mem 56103 20357 4844 9 0 16850 0
$proc-stat R 96978 36 837 178 1 229797888 20357
$proc-io 161816499 168 6356 7 258904064 17223680
$proc-mem 56103 20457 4844 9 0 16850 0
$proc-stat R 97078 36 845 179 1 229797888 20457
$proc-io 162930615 168 6391 7 258904064 17223680
$proc-mem 56103 20559 4844 9 0 16850 0
$proc-stat R 97180 36 854 180 1 229797888 20559
$proc-io 164732855 168 6446 7 258904064 17223680
$proc-mem 56103 20720 4844 9 0 16850 0
$proc-stat R 97342 36 862 182 1 229797888 20721
$proc-io 166698935 168 6506 7 258904064 17223680
$proc-mem 56103 20898 4844 9 0 16850 0
$proc-stat R 97519 36 871 183 1 229797888 20898
$proc-io 168632247 168 6565 7 258904064 17223680
$proc-mem 56103 21074 4844 9 0 16850 0
$proc-stat R 97695 36 879 185 1 229797888 21074
$proc-io 170598327 168 6625 7 258904064 17223680
$proc-mem 56103 21251 4844 9 0 16850 0
$proc-stat R 97872 36 888 186 1 229797888 21251
$proc-io 172564407 168 6685 7 258904064 17223680
$proc-mem 56103 21428 4844 9 0 16850 0
$proc-stat R 98049 36 897 188 1 229797888 21428
$proc-io 174497719 168 6744 7 258904064 17223680
$proc-mem 56103 21603 4844 9 0 16850 0
$proc-stat R 98224 36 905 189 1 229797888 21603
$proc-io 175480759 168 6774 7 258904064 17223680
$proc-mem 59150 21692 4844 9 0 19897 0
$proc-stat R 113547 36 912 192 1 242278400 21692
$proc-io 177446839 168 6834 7 258904064 17223680
$proc-mem 59150 21869 4844 9 0 19897 0
$proc-stat R 113724 36 921 193 1 242278400 21869
$proc-io 179412919 168 6894 7 258904064 17223680
$proc-mem 59150 22047 4844 9 0 19897 0
$proc-stat R 113902 36 930 194 1 242278400 22047
$proc-io 181378999 168 6954 7 258904064 17223680
$proc-mem 59150 22224 4844 9 0 19897 0
$proc-stat R 114079 36 938 196 1 242278400 22224
$proc-io 183279543 168 7012 7 258904064 17223680
$proc-mem 59150 22394 4844 9 0 19897 0
$proc-stat R 114249 36 946 198 1 242278400 22394
$proc-io 183541687 168 7020 7 258904064 17223680
$proc-mem 59150 22419 4844 9 0 19897 0
$proc-stat R 114274 36 947 207 1 242278400 22419
$proc-io 184459191 168 7048 7 258904064 17223680
$proc-mem 59150 22503 4844 9 0 19897 0
$proc-stat R 114358 36 951 213 1 242278400 22503
$proc-io 186425271 168 7108 7 258904064 17223680
$proc-mem 59150 22678 4844 9 0 19897 0
$proc-stat R 114533 36 960 214 1 242278400 22678
$proc-io 188325815 168 7166 7 258904064 17223680
$proc-mem 59150 22852 4844 9 0 19897 0
$proc-stat R 114707 36 969 215 1 242278400 22852
$proc-io 190291895 168 7226 7 258904064 17223680
$proc-mem 59150 23029 4844 9 0 19897 0
$proc-stat R 114884 36 978 216 1 242278400 23029
$proc-io 192257975 168 7286 7 258904064 17223680
$proc-mem 59150 23206 4844 9 0 19897 0
$proc-stat R 115061 36 988 217 1 242278400 23206
$proc-io 194224055 168 7346 7 258904064 17223680
$proc-mem 59150 23383 4844 9 0 19897 0
$proc-stat R 115238 36 996 218 1 242278400 23383
$proc-io 196190135 168 7406 7 258904064 17223680
$proc-mem 59150 23561 4844 9 0 19897 0
$proc-stat R 115416 36 1005 219 1 242278400 23561
$proc-io 198156215 168 7466 7 258904064 17223680
$proc-mem 59150 23739 4844 9 0 19897 0
$proc-stat R 115594 36 1013 221 1 242278400 23739
$proc-io 200122295 168 7526 7 258904064 17223680
$proc-mem 59150 23916 4844 9 0 19897 0
$proc-stat R 115771 36 1022 223 1 242278400 23916
$proc-io 202088375 168 7586 7 258904064 17223680
$proc-mem 59150 24093 4844 9 0 19897 0
$proc-stat R 115948 36 1031 224 1 242278400 24093
$proc-io 204054455 168 7646 7 258904064 17223680
$proc-mem 59150 24270 4844 9 0 19897 0
$proc-stat R 116125 36 1040 225 1 242278400 24270
$proc-io 206020535 168 7706 7 258904064 17223680
$proc-mem 59150 24448 4844 9 0 19897 0
$proc-stat R 116303 36 1049 226 1 242278400 24448
$proc-io 207986615 168 7766 7 258904064 17223680
$proc-mem 59150 24626 4844 9 0 19897 0
$proc-stat R 116481 36 1058 227 1 242278400 24626
$proc-io 208805815 168 7791 7 258904064 17223680
$proc-mem 62806 24701 4844 9 0 23553 0
$proc-stat R 134837 36 1064 231 1 257253376 24701
$proc-io 210771895 168 7851 7 258904064 17223680
$proc-mem 62806 24878 4844 9 0 23553 0
$proc-stat R 135014 36 1073 232 1 257253376 24878
$proc-io 212737975 168 7911 7 258904064 17223680
$proc-mem 62806 25056 4844 9 0 23553 0
$proc-stat R 135192 36 1081 234 1 257253376 25056
$proc-io 214704055 168 7971 7 258904064 17223680
$proc-mem 62806 25234 4844 9 0 23553 0
$proc-stat R 135370 36 1090 235 1 257253376 25234
$proc-io 216670135 168 8031 7 258904064 17223680
$proc-mem 62806 25410 4844 9 0 23553 0
$proc-stat R 135546 36 1099 236 1 257253376 25410
$proc-io 218636215 168 8091 7 258904064 17223680
$proc-mem 62806 25587 4844 9 0 23553 0
$proc-stat R 135723 36 1108 237 1 257253376 25587
$proc-io 220569527 168 8150 7 258904064 17223680
$proc-mem 62806 25764 4844 9 0 23553 0
$proc-stat R 135900 36 1116 239 1 257253376 25764
$proc-io 222535607 168 8210 7 258904064 17223680
$proc-mem 62806 25942 4844 9 0 23553 0
$proc-stat R 136078 36 1126 240 1 257253376 25942
$proc-io 224501687 168 8270 7 258904064 17223680
$proc-mem 62806 26119 4844 9 0 23553 0
$proc-stat R 136255 36 1134 241 1 257253376 26119
$proc-io 226467767 168 8330 7 258904064 17223680
$proc-mem 62806 26296 4844 9 0 23553 0
$proc-stat R 136432 36 1142 243 1 257253376 26296
$proc-io 228433847 168 8390 7 258904064 17223680
$proc-mem 62806 26473 4844 9 0 23553 0
$proc-stat R 136609 36 1151 245 1 257253376 26473
$proc-io 230399927 168 8450 7 258904064 17223680
$proc-mem 62806 26651 4844 9 0 23553 0
$proc-stat R 136787 36 1159 246 1 257253376 26651
$proc-io 232366007 168 8510 7 258904064 17223680
$proc-mem 62806 26828 4844 9 0 23553 0
$proc-stat R 136964 36 1168 247 1 257253376 26828
$proc-io 233840567 168 8555 7 267055104 17223680
$proc-mem 62806 26963 4844 9 0 23553 0
$proc-stat R 137099 36 1175 249 1 257253376 26963
$proc-io 235773879 168 8614 7 267055104 17223680
$proc-mem 62806 27136 4844 9 0 23553 0
$proc-stat R 137272 36 1184 250 1 257253376 27136
$proc-io 236953527 168 8650 7 271122432 17223680
$proc-mem 62806 27242 4844 9 0 23553 0
$proc-stat R 137378 36 1193 251 1 257253376 27242
$proc-io 238067639 168 8684 7 271122432 17223680
$proc-mem 62806 27343 4844 9 0 23553 0
$proc-stat R 137479 36 1203 252 1 257253376 27343
$proc-io 239181751 168 8718 7 271122432 17223680
$proc-mem 62806 27445 4844 9 0 23553 0
$proc-stat R 137581 36 1211 253 1 257253376 27445
$proc-io 240295863 168 8752 7 271122432 17223680
$proc-mem 62806 27546 4844 9 0 23553 0
$proc-stat R 137682 36 1219 255 1 257253376 27546
$proc-io 241377207 168 8785 7 275193856 17223680
$proc-mem 62806 27644 4844 9 0 23553 0
$proc-stat R 137780 36 1228 256 1 257253376 27644
$proc-io 243310519 168 8844 7 275193856 17223680
$proc-mem 62806 27816 4844 9 0 23553 0
$proc-stat R 137952 36 1236 258 1 257253376 27816
$proc-io 245276599 168 8904 7 279269376 17223680
$proc-mem 62806 27993 4844 9 0 23553 0
$proc-stat R 138129 36 1244 260 1 257253376 27993
$proc-io 247209911 168 8963 7 279269376 17223680
$proc-mem 62806 28170 4844 9 0 23553 0
$proc-stat R 138306 36 1252 262 1 257253376 28170
$proc-io 249143223 168 9022 7 279269376 17223680
$proc-mem 89130 29140 4844 9 0 49877 0
$proc-stat R 139283 36 1261 264 1 365076480 29147
$proc-io 249143223 168 9022 7 279269376 17223680
$proc-mem 89130 37833 4844 9 0 49877 0
$proc-stat R 147969 36 1262 273 1 365076480 37833
$proc-io 249143227 168 9023 7 279269376 17223680
$proc-mem 67193 28344 4844 9 0 27940 0
$proc-stat R 160417 36 1264 281 1 275222528 28344
$proc-io 250224571 168 9056 7 283340800 17223680
$proc-mem 67193 28440 4844 9 0 27940 0
$proc-stat R 160513 36 1273 282 1 275222528 28440
$proc-io 251338683 168 9090 7 283340800 17223680
$proc-mem 67193 28541 4844 9 0 27940 0
$proc-stat R 160614 36 1281 284 1 275222528 28541
$proc-io 252452795 168 9124 7 283340800 17223680
$proc-mem 67193 28642 4844 9 0 27940 0
$proc-stat R 160715 36 1289 285 1 275222528 28642
$proc-io 253566907 168 9158 7 283340800 17223680
$proc-mem 67193 28743 4844 9 0 27940 0
$proc-stat R 160816 36 1297 288 1 275222528 28743
$proc-io 254648251 168 9191 7 287416320 17223680
$proc-mem 67193 28842 4844 9 0 27940 0
$proc-stat R 160915 36 1305 289 1 275222528 28842
$proc-io 255762363 168 9225 7 287416320 17223680
$proc-mem 67193 28943 4844 9 0 27940 0
$proc-stat R 161016 36 1314 291 1 275222528 28943
$proc-io 256909243 168 9260 7 287416320 17223680
$proc-mem 67193 29044 4844 9 0 27940 0
$proc-stat R 161117 36 1322 292 1 275222528 29044
$proc-io 258023355 168 9294 7 287416320 17223680
$proc-mem 67193 29145 4844 9 0 27940 0
$proc-stat R 161218 36 1331 294 1 275222528 29145
$proc-io 259137467 168 9328 7 291491840 17223680
$proc-mem 67193 29247 4844 9 0 27940 0
$proc-stat R 161320 36 1340 295 1 275222528 29247
$proc-io 261103547 168 9388 7 291491840 17223680
$proc-mem 67193 29425 4844 9 0 27940 0
$proc-stat R 161498 36 1349 296 1 275222528 29425
$proc-io 263069627 168 9448 7 295567360 17223680
$proc-mem 67193 29600 4844 9 0 27940 0
$proc-stat R 161673 36 1358 297 1 275222528 29600
$proc-io 265035707 168 9508 7 295567360 17223680
$proc-mem 67193 29777 4844 9 0 27940 0
$proc-stat R 161850 36 1366 299 1 275222528 29777
$proc-io 266936251 168 9566 7 299638784 17223680
$proc-mem 67193 29952 4844 9 0 27940 0
$proc-stat R 162025 36 1375 300 1 275222528 29952
$proc-io 268902331 168 9626 7 299638784 17223680
$proc-mem 67193 30128 4844 9 0 27940 0
$proc-stat R 162201 36 1383 302 1 275222528 30128
$proc-io 270868411 168 9686 7 299638784 17223680
$proc-mem 67193 30306 4844 9 0 27940 0
$proc-stat R 162379 36 1391 304 1 275222528 30306
$proc-io 272834491 168 9746 7 299638784 17223680
$proc-mem 67193 30483 4844 9 0 27940 0
$proc-stat R 162556 36 1400 305 1 275222528 30483
$proc-io 274603963 168 9800 7 307789824 17223680
$proc-mem 67193 30641 4844 9 0 27940 0
$proc-stat R 162714 36 1408 306 1 275222528 30641
$proc-io 275685307 168 9833 7 307789824 17223680
$proc-mem 67193 30742 4844 9 0 27940 0
$proc-stat R 162815 36 1417 307 1 275222528 30742
$proc-io 276799419 168 9867 7 307789824 17223680
$proc-mem 67193 30843 4844 9 0 27940 0
$proc-stat R 162916 36 1425 309 1 275222528 30843
$proc-io 277946299 168 9902 7 307789824 17223680
$proc-mem 67193 30944 4844 9 0 27940 0
$proc-stat R 163017 36 1434 310 1 275222528 30944
$proc-io 279060411 168 9936 7 307789824 17223680
$proc-mem 67193 31044 4844 9 0 27940 0
$proc-stat R 163117 36 1443 311 1 275222528 31044
$proc-io 280174523 168 9970 7 307789824 17223680
$proc-mem 67193 31145 4844 9 0 27940 0
$proc-stat R 163218 36 1451 313 1 275222528 31145
$proc-io 281288635 168 10004 7 307789824 17223680
$proc-mem 67193 31247 4844 9 0 27940 0
$proc-stat R 163320 36 1460 314 1 275222528 31247
$proc-io 282468283 168 10040 7 307789824 17223680
$proc-mem 67193 31353 4844 9 0 27940 0
$proc-stat R 163427 36 1469 315 1 275222528 31354
$proc-io 284237755 168 10094 7 315936768 17223680
$proc-mem 67193 31513 4844 9 0 27940 0
$proc-stat R 163586 36 1477 317 1 275222528 31513
$proc-io 286203835 168 10154 7 315936768 17223680
$proc-mem 67193 31690 4844 9 0 27940 0
$proc-stat R 163763 36 1485 318 1 275222528 31690
$proc-io 288137147 168 10213 7 320012288 17223680
$proc-mem 67193 31864 4844 9 0 27940 0
$proc-stat R 163937 36 1494 319 1 275222528 31864
$proc-io 290103227 168 10273 7 320012288 17223680
$proc-mem 67193 32043 4844 9 0 27940 0
$proc-stat R 164116 36 1503 321 1 275222528 32043
$proc-io 292036539 168 10332 7 324087808 17223680
$proc-mem 67193 32217 4844 9 0 27940 0
$proc-stat R 164290 36 1511 322 1 275222528 32217
$proc-io 294002619 168 10392 7 324087808 17223680
$proc-mem 67193 32394 4844 9 0 27940 0
$proc-stat R 164467 36 1520 324 1 275222528 32394
$proc-io 295968699 168 10452 7 324640768 17223680
$proc-mem 67193 32571 4844 9 0 27940 0
$proc-stat R 164644 36 1529 325 1 275222528 32571
$proc-io 297738171 168 10506 7 324640768 17223680
$proc-mem 98782 36281 4844 9 0 59529 0
$proc-stat R 168362 36 1537 326 1 404611072 36289
$proc-io 297738171 168 10506 7 324640768 17223680
$proc-mem 98782 49251 4844 9 0 59529 0
$proc-stat R 181324 36 1539 335 1 404611072 49251
$proc-io 297967547 168 10513 7 324640768 17223680
$proc-mem 72458 32754 4844 9 0 33205 0
$proc-stat R 191151 36 1542 342 1 296787968 32754
$proc-io 299933627 168 10573 7 324640768 17223680
$proc-mem 72458 32931 4844 9 0 33205 0
$proc-stat R 191328 36 1550 344 1 296787968 32931
$proc-io 300758482 168 10673 7 332247040 17223680
$proc-mem 74472 33222 4976 9 0 33205 0
$proc-stat D 191636 38 1553 345 1 305037312 33222
$proc-io 300867717 168 10750 7 346902528 17223680
$proc-mem 80701 33856 5515 9 0 33207 0
$proc-stat R 192272 49 1556 345 1 330551296 33856
$proc-io 300924832 168 10787 7 346959872 17223680
$proc-mem 84006 37215 5595 9 0 36512 0
$proc-stat D 195632 50 1565 346 1 344088576 37215
$proc-io 300928781 168 10789 7 346959872 17223680
$proc-mem 84006 37245 5625 9 0 36512 0
$proc-stat S 195662 50 1565 346 1 344088576 37245
$proc-io 300928781 168 10789 7 346959872 17223680
$proc-mem 84006 37245 5625 9 0 36512 0
$proc-stat S 195662 50 1565 346 1 344088576 37245
$proc-io 300928781 168 10789 7 346959872 17223680
$proc-mem 84006 37245 5625 9 0 36512 0
$proc-stat S 195662 50 1565 346 1 344088576 37245
$proc-io 300928781 168 10789 7 346959872 17223680
$proc-mem 84006 37245 5625 9 0 36512 0
$proc-stat S 195662 50 1565 346 1 344088576 37245
$proc-io 300928781 168 10789 7 346959872 17223680
$proc-mem 84006 37249 5629 9 0 36512 0
$proc-stat R 195666 50 1565 348 1 344088576 37249
$proc-io 300928781 168 10789 7 346959872 17223680
$proc-mem 84006 37249 5629 9 0 36512 0
$proc-stat S 195666 50 1566 350 1 344088576 37249
$proc-io 300928781 168 10789 7 346959872 17223680
$proc-mem 84006 37249 5629 9 0 36512 0
$proc-stat S 195666 50 1567 352 1 344088576 37249
$proc-io 300928781 168 10789 7 346959872 17223680
$proc-mem 84006 37249 5629 9 0 36512 0
$proc-stat S 195666 50 1568 354 1 344088576 37249
$proc-io 300928781 168 10789 7 346959872 17223680
$proc-mem 84006 37249 5629 9 0 36512 0
$proc-stat S 195666 50 1568 356 1 344088576 37249
$proc-io 300928781 168 10789 7 346959872 17223680
$proc-mem 84006 37249 5629 9 0 36512 0
$proc-stat S 195666 50 1569 357 1 344088576 37249
$proc-io 300928781 168 10789 7 346959872 17223680
$proc-mem 84006 37249 5629 9 0 36512 0
$proc-stat S 195666 50 1569 357 1 344088576 37249
$proc-io 300928781 168 10789 7 346959872 17223680
$proc-mem 84006 37249 5629 9 0 36512 0
$proc-stat S 195666 50 1569 357 1 344088576 37249
$proc-io 300928781 168 10789 7 346959872 17223680
$proc-mem 84006 37249 5629 9 0 36512 0
$proc-stat S 195666 50 1569 357 1 344088576 37249
$proc-io 300928781 168 10789 7 346959872 17223680
$proc-mem 84006 37249 5629 9 0 36512 0
$proc-stat S 195666 50 1569 357 1 344088576 37249
$proc-io 300928781 168 10789 7 346959872 17223680
$proc-mem 84006 37249 5629 9 0 36512 0
$proc-stat S 195666 50 1569 357 1 344088576 37249
$proc-io 300928781 168 10789 7 346959872 17223680
$proc-mem 84006 37249 5629 9 0 36512 0
$proc-stat S 195666 50 1569 357 1 344088576 37249
$proc-io 300928781 168 10789 7 346959872 17223680
$proc-mem 84006 37249 5629 9 0 36512 0
$proc-stat S 195666 50 1569 357 1 344088576 37249
$proc-io 300928781 168 10789 7 346959872 17223680
$proc-mem 84006 37249 5629 9 0 36512 0
$proc-stat S 195666 50 1569 357 1 344088576 37249
$proc-io 300928781 168 10789 7 346959872 17223680
$proc-mem 84006 37249 5629 9 0 36512 0
$proc-stat S 195666 50 1569 357 1 344088576 37249
$proc-io 300928781 168 10789 7 346959872 17223680
$proc-mem 84006 37249 5629 9 0 36512 0
$proc-stat S 195666 50 1569 357 1 344088576 37249
$proc-io 300928781 168 10789 7 346959872 17223680
$proc-mem 84006 37249 5629 9 0 36512 0
$proc-stat S 195666 50 1569 357 1 344088576 37249
$proc-io 300928781 168 10789 7 346959872 17223680
$proc-mem 84006 37249 5629 9 0 36512 0
$proc-stat S 195666 50 1569 357 1 344088576 37249
$proc-io 300928781 168 10789 7 346959872 17223680
$proc-mem 84006 37249 5629 9 0 36512 0
$proc-stat S 195666 50 1569 357 1 344088576 37249
$proc-io 300928781 168 10789 7 346959872 17223680
$proc-mem 84006 37249 5629 9 0 36512 0
$proc-stat S 195666 50 1569 357 1 344088576 37249
$proc-io 300928781 168 10789 7 346959872 17223680
$proc-mem 84006 37249 5629 9 0 36512 0
$proc-stat S 195666 50 1569 357 1 344088576 37249
$proc-io 300928781 168 10789 7 346959872 17223680
$proc-mem 84006 37249 5629 9 0 36512 0
$proc-stat S 195666 50 1569 357 1 344088576 37249
$proc-io 300928781 168 10789 7 346959872 17223680
$proc-mem 84006 37249 5629 9 0 36512 0
$proc-stat S 195666 50 1569 357 1 344088576 37249
$proc-io 300928781 168 10789 7 346959872 17223680
$proc-mem 84006 37249 5629 9 0 36512 0
$proc-stat S 195666 50 1569 357 1 344088576 37249
$proc-io 300928781 168 10789 7 346959872 17223680
$proc-mem 84006 37249 5629 9 0 36512 0
$proc-stat S 195666 50 1569 357 1 344088576 37249
$proc-io 300928781 168 10789 7 346959872 17223680
$proc-mem 84006 37249 5629 9 0 36512 0
$proc-stat S 195666 50 1569 357 1 344088576 37249
$proc-io 300928781 168 10789 7 346959872 17223680
$proc-mem 84006 37249 5629 9 0 36512 0
$proc-stat S 195666 50 1569 357 1 344088576 37249
$proc-io 300928781 168 10789 7 346959872 17223680
$proc-mem 84006 37249 5629 9 0 36512 0
$proc-stat S 195666 50 1569 357 1 344088576 37249
$proc-io 300928781 168 10789 7 346959872 17223680
$proc-mem 84006 37249 5629 9 0 36512 0
$proc-stat S 195666 50 1569 357 1 344088576 37249
$proc-io 300928781 168 10789 7 346959872 17223680
$proc-mem 84006 37249 5629 9 0 36512 0
$proc-stat S 195666 50 1569 357 1 344088576 37249
$proc-io 300928781 168 10789 7 346959872 17223680
$proc-mem 84006 37249 5629 9 0 36512 0
$proc-stat S 195666 50 1569 357 1 344088576 37249
$proc-io 300928781 168 10789 7 346959872 17223680
$proc-mem 84006 37249 5629 9 0 36512 0
$proc-stat S 195666 50 1569 357 1 344088576 37249
$proc-io 300928781 168 10789 7 346959872 17223680
$proc-mem 84006 37249 5629 9 0 36512 0
$proc-stat S 195666 50 1569 357 1 344088576 37249
$proc-io 300928781 168 10789 7 346959872 17223680
$proc-mem 84006 37249 5629 9 0 36512 0
$proc-stat S 195666 50 1569 357 1 344088576 37249
$proc-io 300928781 168 10789 7 346959872 17223680
$proc-mem 84006 37249 5629 9 0 36512 0
$proc-stat S 195666 50 1569 357 1 344088576 37249
