27272
15235
11106
11190
11138
11087
10727
10642
11069
11173
10842
10573
11020
11215
11021
10759
10644
10824
10680
11243
10942
10705
10575
11319
11826
11200
10656
10727
10654
10669
10665
10524
10579
11442
10801
11324
10699
10795
11136
10843
10571
11409
10939
10639
10658
11145
10661
10830
11385
10894
10566
11072
10732
11480
11048
11091
10704
10620
10543
10663
11119
11818
10794
11003
10716
10672
47649
12345
10675
10943
10710
10581
10980
10719
11267
10682
11299
10735
11006
11432
11769
11270
11406
10991
10826
10599
10468
11023
10575
10596
11290
11468
10989
10654
10907
10761
10529
10847
11359
10643
10482
10821
10776
11342
10580
10411
10395
10537
10474
10618
10545
11115
10937
11363
10736
10595
10582
10519
10980
11572
11290
10843
10727
10498
10477
11019
11130
11010
11181
10984
10649
10489
10459
10603
10864
13059
10942
10833
11278
10650
11272
11014
11033
11192
10669
10622
10675
10615
11035
10635
11530
11166
11685
10926
10765
10847
10495
10530
10541
10689
10609
10517
11186
10644
10602
10592
10592
11065
10650
11346
10753
10551
11250
11383
10693
11158
10641
11166
10633
11075
10468
10561
11246
10792
10505
11482
10665
11291
10643
11389
10665
10517
10579
10811
11570
10747
10599
10643
10656
10802
10954
11192
10987
10993
11566
19592
11856
10838
10672
11281
10785
10470
10991
10613
10519
10600
11131
10703
11014
10928
11117
11089
10820
11162
10703
10615
10542
10637
10623
10451
10504
10513
10678
10659
11681
10723
10983
10698
11703
11183
10941
10689
11582
11306
10825
11241
10706
10903
10675
10569
10888
11901
11123
10880
11629
11070
10594
10596
11317
10931
10717
10571
10565
10529
10622
10978
10663
10594
11189
11136
10956
10583
10579
10575
10579
10909
11801
10770
10583
10521
10542
10604
10995
11623
10905
10562
10605
11280
11153
10760
11027
11624
10605
10515
10604
10641
10995
11205
10993
10726
11468
10693
11016
10780
10639
11380
11110
10746
11008
10879
10618
10613
10690
11494
11114
10834
11303
11411
10599
10537
10540
10562
11298
10773
10683
10511
11350
10691
10635
10870
11094
11174
10653
11777
10628
10828
11055
10710
10562
10528
10393
10610
11143
10540
10684
10886
16378
10875
10656
10503
11615
11087
11194
11018
10662
10701
11090
10686
10819
11610
10680
10485
10543
10532
10425
10567
10853
10805
10802
10541
10959
10800
11755
11012
10682
10784
11239
11224
12446
11649
10600
10961
11199
10828
10960
10963
11554
10975
10701
10909
10660
11532
11076
10847
10890
10846
12052
11187
10682
10613
10909
10712
10738
11213
10957
11147
10555
10656
10873
11242
11594
10575
11394
10502
10838
10669
71305
11669
11166
11002
11053
10545
10496
10855
10603
10545
10527
10549
10622
10909
11652
11008
11597
10557
10668
10537
10429
11741
10794
10397
10982
10841
11972
10867
10669
10577
11287
10670
10583
10461
10521
10872
11023
11180
10689
11139
10866
11636
10673
10598
10608
10605
10651
10956
11102
10461
10493
10429
10513
10594
10697
10607
11366
10594
10509
11259
10965
11265
11042
11794
10699
10752
10851
11484
11263
10688
10648
10846
10757
10601
10689
10504
10551
11589
10821
10899
11625
12030
10793
10570
10440
10490
10864
10574
10899
12565
11023
11467
10984
10982
11098
11255
11753
11633
10920
11280
10955
11244
10720
11449
11283
10758
15388
10645
11006
10957
11033
10864
10896
11597
10680
11646
11350
10969
10946
11331
10725
10882
10787
10723
11408
10890
10725
10652
10748
11067
11233
86339
18824
11777
12173
11471
11353
11645
11532
11372
11373
11300
11415
11951
12037
11333
11982
11308
11370
11515
11568
11370
11345
11259
11224
12364
12341
11857
11354
11550
11326
11263
11373
12194
11970
11445
11691
11645
11917
11467
11391
11509
11326
11534
11433
11444
11256
11642
11522
11322
12418
12433
11868
11428
11527
11380
11358
11719
11494
11201
12836
11643
21517
13062
11532
11874
11375
11324
11781
11381
11373
11500
12145
11408
11333
11308
11400
11403
11629
12381
11509
11320
12215
11572
11294
11318
11670
11865
11410
12185
11631
11755
12298
11366
12427
11833
11816
11451
11506
11236
11864
11512
12187
11414
11356
12644
12428
11614
11760
11792
11435
11603
11559
11492
12030
12076
12527
11991
11726
12314
11834
12011
11774
12363
17746
11598
11346
13404
12138
11506
11373
11368
11289
11409
11310
12347
11428
14564
11670
11329
11363
11418
11347
11518
11386
13920
11994
11437
11300
12047
11424
11437
11360
11469
11287
11595
11289
11370
11391
11460
11423
11423
11435
11426
11386
11296
13067
11758
12125
11451
11398
11367
12046
11511
11297
11889
11439
12037
11492
12371
11554
11707
11419
11409
11386
11375
11326
12981
11598
11338
11336
15212
11802
11257
11289
11411
11449
10573
7084
7024
7715
7345
7545
7932
7377
7190
7071
7204
8594
7172
7160
7580
7213
7235
7412
7625
10441
7000
7482
10269
7223
7454
7344
7826
7176
7909
7189
7055
7425
8890
7485
7133
7214
7290
7178
7040
7486
7100
7102
7080
7051
7164
7353
7197
7095
7149
7110
7124
7840
7552
8428
7508
7249
7100
7171
7149
7096
7132
7135
7216
7185
7113
7112
7693
7269
7176
7277
7117
7427
7210
7206
9371
7640
7195
7297
7407
7238
7212
8014
7591
7197
7180
7474
7269
7260
7142
7155
7396
10233
8651
7728
7247
8534
7281
7410
7468
7648
7138
7099
7053
7181
7124
7496
7168
7102
7161
7090
7698
7260
7249
7440
7173
7480
7995
7885
7501
7411
6984
6856
7135
7012
7203
6890
6824
7684
6901
6807
7073
6909
6847
7437
7008
6919
6762
6928
7050
7099
7002
7336
7069
7541
7219
6952
6988
7127
7348
7172
7267
7239
6881
7071
7007
10119
7315
7138
7253
7541
7183
7706
7250
7507
7259
7151
7200
7193
7119
7116
7086
6905
6853
7275
6934
6931
6878
6894
7136
7467
6927
6884
7716
7107
6897
6737
6898
7964
7424
7322
6862
6782
6878
6887
6895
6849
6779
11172
7877
7770
7120
7395
6982
6961
6771
6858
6778
6987
6908
6993
7452
6865
6821
6881
7310
7398
7306
6862
6775
7059
6733
6810
6836
6756
6810
6691
6719
6685
6655
6847
7233
6847
6777
6935
7402
6885
6774
7048
6820
6966
6974
6982
6965
7616
7208
6978
6807
6831
6736
6885
6934
7480
7256
6884
7499
7173
7117
6866
7018
6902
7092
7170
7256
6951
6718
6803
6828
7176
7664
7790
6865
7063
6859
6818
6788
7194
7205
7120
7002
7452
7295
6903
6845
7110
7096
6853
7069
7874
6906
6881
7136
7064
7041
6849
7462
6940
7046
6943
7198
6898
7320
7478
6902
7456
7373
6918
11456
7082
7057
6878
6872
6999
6850
6886
6899
7353
7333
6799
7017
6933
6785
7193
6885
6783
6869
6703
7031
6794
6796
7035
6805
7406
7167
6852
6717
6839
6744
6714
6710
6834
6766
6765
7381
7374
6936
6792
7539
7128
6928
7572
7034
6980
7322
7167
7590
7162
7095
6916
7093
6926
6809
6960
6847
7235
7070
7171
7511
6921
6892
6870
6970
6869
6810
6976
7271
6934
7103
6870
6909
6874
7142
6899
6878
6800
7642
7120
6751
6842
7132
6833
6774
6785
6926
6897
6829
6855
6855
7373
6918
7108
7052
7106
7248
7192
7665
6851
7029
6851
7336
7373
6877
7210
7169
7385
6901
107922
13853
7409
7408
7353
7044
7667
7179
7021
7301
7238
7030
7092
7122
7387
7530
7448
7173
7505
7485
7547
7189
6747
6984
6929
6900
7495
7064
6819
6767
7135
6983
6865
6954
7362
6863
7019
7176
7072
6767
7128
6915
6918
6816
6705
7194
6804
6725
6771
6932
7097
7508
6753
6830
6826
7050
7213
7144
7327
6839
6687
7838
7172
6930
7123
6907
7106
6845
6783
7503
6807
6720
6735
6905
6783
7127
6946
7346
7215
7299
6964
6877
6730
6752
7331
6812
7080
6818
6712
7001
6860
8197
6886
6741
7155
6795
6872
11247
7051
6894
6802
80071
12748
12120
7255
7118
7007
7165
7380
7125
7094
7084
8439
7353
7266
7081
7043
7458
7119
7092
7116
7138
7104
7872
7244
7439
7113
7143
7092
7080
7121
7506
7221
8338
7621
7208
7395
7643
7143
7185
7019
7138
7589
7403
7151
6979
7128
7685
7368
7132
7521
7210
7225
7306
8646
7250
7093
7119
7069
7282
7125
7078
7585
7154
7127
6984
7096
7001
7378
7544
7173
7235
7833
7377
7115
8250
7200
7097
7161
7289
7428
7324
7948
7288
7167
7310
7129
7227
7572
7185
7174
7223
11989
7539
7730
7202
8585
7604
7208
7266
7600
7756
7213
7349
7220
7050
7423
7286
7174
7649
7232
7094
7079
7147
7100
7137
7916
8443
7523
7426
7392
7170
7170
7166
7205
7190
7197
7310
7075
7128
7127
7250
7315
7100
7216
7500
7199
7164
8361
7363
7473
7310
7369
7177
7098
7012
7100
7562
7249
7180
7168
7309
7193
7278
7200
7047
7344
7739
7213
8351
7281
7153
7165
40153
7760
7195
7018
7070
7116
7281
7079
6991
7114
7103
7609
7455
7487
7159
7026
7172
8472
7187
7349
6987
7139
7076
7021
7044
7432
7555
7268
7018
46271
7918
7159
7197
7161
7110
7107
7601
7302
8477
7480
7144
7075
7157
7189
7173
7227
7185
7707
7414
7124
7350
7186
7344
7333
7109
7127
7589
7459
7200
7861
7712
7148
7123
7433
7274
7268
8995
7287
7147
7094
7584
7094
7087
7536
7181
7127
7115
7580
7128
7207
7118
7106
6996
7003
7304
7126
7923
7208
7063
7094
7031
7339
7055
7459
7088
7404
7407
7266
7081
7276
7103
7090
7795
7504
7385
7229
7182
7096
7061
7192
7180
7477
7245
7288
7270
7342
7168
7049
7449
7552
7472
7432
7865
7101
7115
7378
7365
7114
7100
11931
7805
7336
7468
7215
7323
7062
7117
7317
7291
7275
7606
7959
7458
7275
7672
7416
7464
7427
7226
7120
7032
7060
7447
7314
10172
7224
6924
7754
6808
6751
6870
6795
6676
6750
6731
6748
6883
6792
7252
7010
6766
6674
7073
7148
6944
6937
6947
7110
7023
7365
7553
6986
6858
6921
7087
7120
6775
6991
6856
7119
7055
6869
6855
6954
6971
6893
7328
7173
7205
6877
7244
6952
7096
7209
6854
6777
6924
6949
7039
6951
6824
7223
6915
6771
6704
6945
6812
6910
7026
6773
7065
6999
6760
7169
7127
6963
6949
6839
6754
6743
6716
6831
6931
6868
7046
6813
6693
6721
7473
7089
6849
7160
8332
7142
6852
6763
7030
6788
6843
6780
6847
7096
6737
6743
6744
6683
7164
7248
6894
6812
6766
6859
6798
7870
7109
6845
6788
7172
6899
6724
6663
7105
6855
6776
6789
7060
6897
6702
6873
6813
7087
6907
6893
6800
8028
6971
6762
7005
6791
6785
6741
6692
6768
6877
7152
6934
7231
6795
6824
6883
6819
6725
6788
6783
7410
8184
6871
7212
7018
7123
6847
6800
6735
7023
7114
6902
10756
7225
6751
6717
6731
6998
6674
6729
6831
6900
8085
6852
7203
6868
6778
6828
6723
6914
6812
6697
6690
7229
7171
6828
6735
6790
10504
7158
6772
6744
92950
16764
7708
7136
7426
7224
7026
10056
6903
6860
6785
6810
6812
6941
6735
6716
7147
6876
6923
6713
6733
6890
10846
7105
7358
6783
6758
6743
7017
6925
6865
6814
6746
6725
6860
6766
7074
6758
6781
6637
6818
6842
6829
8279
6949
6960
6829
6690
10178
7204
6784
6815
6719
6901
7185
7024
6765
7236
6881
6911
6692
7035
6999
6752
8097
6878
7166
6731
6750
6870
6879
6734
6774
6726
10282
7660
6965
6770
6740
6918
7061
6686
7412
6979
6898
8138
7092
6945
6876
7217
6858
6795
6787
6830
6801
6752
6800
6892
11799
7162
10440
7175
7221
7000
6711
6735
7974
7066
6815
6782
6757
7000
6817
7058
7273
7023
6749
6775
6755
6806
6801
6851
6841
6850
6712
6789
10533
11235
7112
6877
6780
6891
6894
6858
6745
6752
7107
6963
6825
7003
6922
6828
6870
7055
6829
7211
7083
6925
7980
6968
6775
6809
10228
7238
7111
7146
6796
6738
6797
6889
6864
6937
6918
7329
6892
6736
6744
7034
6881
8042
6898
6811
6787
7109
6897
7151
6882
7002
10317
7245
6722
6750
6756
6869
6784
6861
6869
7142
6883
6882
8103
6942
6797
6774
6754
6737
6748
6815
6760
6815
6776
7204
6732
6771
14692
7565
6791
7073
6839
7181
6809
8176
7173
6843
6826
6753
6872
6859
7060
6841
6815
6733
6843
6769
6733
6800
6734
6823
7053
6960
10490
7275
7939
6911
6734
6736
6841
6734
6831
6906
6964
6920
6812
6823
6849
6749
6809
6801
6906
6815
6913
7354
6825
8115
7000
6681
10397
7282
6815
6728
6977
6781
6719
6857
6844
6788
6834
6752
6820
6989
6828
6775
6856
6868
7977
6944
6707
6715
6873
6758
6711
6832
10236
7682
6793
6852
6701
6783
6747
6793
6845
6885
6836
6784
6855
11382
7474
7683
7043
7130
7019
7042
7050
7099
7434
7060
6948
7076
10859
7758
14276
7984
7094
7707
62445
7348
8510
7218
7000
7379
7325
7560
7225
7125
7237
7162
7100
7037
7354
7055
7056
7061
7056
7107
10763
7497
7077
8218
7440
7152
7089
7161
7148
7021
6989
7021
7258
7174
7590
7131
6955
7188
7085
7159
7175
7108
7267
7218
8557
7331
10528
7519
7139
7287
7159
7008
7040
7032
7284
7346
6988
7649
7076
7064
7293
7442
7295
7101
7470
8360
7221
7364
7197
7265
7074
8871
10789
7512
7200
7220
7004
7026
7156
7142
7102
7012
7034
7018
7184
7116
8462
7274
7058
7000
7163
7019
7063
13654
7777
7074
7036
7016
11006
7506
6984
7006
7050
8755
7262
6956
6959
8251
7262
7013
7131
7102
7181
7098
7244
7001
7129
7066
7218
7273
7075
7015
7085
7028
10715
7537
7052
6967
8310
7198
6969
7134
7089
7149
7042
8396
7216
7099
7049
7047
7237
6958
7049
6959
7104
7052
6990
7105
6980
8391
10789
7470
7029
7071
6968
6984
6976
6996
7077
7227
7180
7074
7009
7031
6992
7003
6971
8545
7221
7017
8361
7228
7121
7046
6990
7059
10675
7603
7108
7054
6964
7063
7095
7135
7063
7136
7014
7018
7137
7045
7002
8329
7229
6999
7023
7059
7052
8079
7289
8764
7307
7088
10645
7484
7087
7063
7037
7151
7207
7126
7070
7079
8299
7126
7135
7054
7147
7258
7218
8798
6852
6766
6874
7563
7141
7131
7173
7175
10916
7620
7067
8599
7269
8190
7158
7092
7225
7201
7105
10016
6779
6939
6928
6898
6813
6741
6750
6848
6852
6990
6764
6758
6705
6715
10807
7301
6785
6873
6802
6727
6697
6781
6848
8337
6918
6823
6740
6724
6810
6770
6928
6833
6949
6980
6770
8293
7011
6850
6847
6812
10241
7227
6792
6860
6729
6729
6856
6896
6795
6799
6715
9836
7175
7045
7172
8627
8328
7219
7048
7142
11868
7755
7143
7061
7101
7110
10828
7614
7114
10004
6860
6908
6808
6856
7001
6706
6825
8114
7035
6779
6809
7178
6841
6735
6728
6824
6800
8273
6842
6732
6737
6869
10070
7225
6717
6720
6831
6812
8068
6977
6743
6704
6780
6788
6876
6867
6831
6772
6876
6739
6782
6708
6813
6760
6876
6794
6815
6774
10243
9153
7080
6808
6834
6869
6989
6830
6796
6962
6714
6724
6676
6761
6808
6698
6854
6888
6847
6738
6932
7059
8166
6976
6876
76057
18157
11531
7177
7087
7049
7140
10011
8332
6887
6704
6761
6764
105010
13242
11218
6988
7063
8411
7199
6998
7034
7094
7192
7220
7223
7225
10803
7523
7084
7032
7018
7113
7110
7089
7144
7207
7072
7047
8137
7714
7410
7119
7021
7261
7119
7166
7283
7299
7381
6770
6753
7096
7242
6951
6935
6807
6875
6675
6989
6997
7113
7108
7225
6958
7703
6926
7044
6867
6742
7194
7057
6761
6875
7030
7151
6931
7355
7068
6824
6750
7540
7575
6885
6982
6944
6924
6751
6772
6803
6765
6976
6922
6753
6771
7018
7143
6746
6801
6952
6767
6792
6802
6765
6769
7000
6821
7001
10517
7880
7121
7158
7375
6870
6883
6933
6889
6891
6861
6817
6817
6930
7644
6820
7124
6929
6765
6959
7121
6870
7077
7344
7930
6955
7158
6853
7005
10166
7052
7490
7113
7170
7397
7130
7044
7078
7473
7227
7286
7144
7086
7274
7335
7535
7391
7334
7295
7330
7343
7143
7093
7667
7188
7340
7693
7238
7074
7227
7232
7327
7163
7368
7519
7074
7311
7474
7406
8033
7213
7161
7058
7113
7266
7208
7583
7061
7180
7022
7169
7147
7175
7406
7437
7279
7539
7281
7206
7141
7088
7067
7092
7239
7223
7020
7053
7149
7053
7071
10517
6963
6757
7152
6847
6729
11280
7240
6915
6943
6893
7081
6958
6814
6784
6860
7320
6953
6750
7389
6774
6756
7080
6963
7064
6774
7128
7264
7008
6937
6810
6840
6766
6915
6985
7322
7104
7434
7010
6775
6986
6839
6824
6925
6743
6977
6929
6837
6862
6741
6749
7160
6946
6832
6762
6762
6754
6781
6777
6846
6937
7202
6813
6715
6798
7269
6972
6885
6750
6845
7072
6894
6914
6793
6743
6852
7117
6839
6835
7431
6824
7066
6835
7403
7401
7188
7227
6846
7024
6955
6883
7001
7002
7108
7209
7210
7068
6845
6884
6822
7239
7062
6832
7231
6834
6960
6974
6868
7039
6999
7078
6778
6779
6900
6774
43245
8387
7228
7627
7374
7100
7578
9964
6805
7003
6804
7180
6967
6740
7077
6824
6725
6760
6772
6814
6973
6787
7602
7031
7120
6973
7274
7041
6964
6829
6825
6797
6799
6807
6841
7076
7253
7150
7085
7145
6944
6749
7058
7509
6869
7046
7033
7070
6874
6897
6754
6820
6815
6760
6946
7168
6947
6760
7075
6795
6758
7218
6853
7243
7307
6785
7173
6731
7119
6760
6955
7324
6807
6788
6883
7268
6794
6728
6974
6948
6995
7141
7195
7276
7084
7118
6850
6814
6782
6810
7114
7238
6923
6942
6962
6993
6800
6769
6730
7173
6883
6781
6961
7439
7027
7301
7845
6947
7151
6805
6868
6983
7180
7197
6820
6957
6764
7222
6942
7278
6927
7342
7114
6792
7127
6758
6960
7011
6886
6877
7151
6797
7203
7022
6930
6813
6812
6849
7111
7062
6900
6981
6867
6812
6893
6734
7055
6842
7082
6839
7222
6879
7069
6854
6825
6721
6683
6908
7285
6870
6782
7240
7079
6944
6810
7198
6867
7019
6793
6800
6840
6897
7195
6977
6841
6771
6954
6858
6722
7019
7229
7157
6973
7219
7327
6821
6795
6740
7022
6987
7309
6927
6966
6953
7123
6784
6775
7862
8704
7230
7218
7144
7888
7227
7293
7259
7271
7216
7201
7141
7102
7089
11738
7748
7235
7141
7118
7259
7075
8746
7386
7282
7183
7617
7171
7221
7508
7279
7627
7199
7151
7224
7263
7216
7181
7311
7109
7134
7552
7401
11133
7221
11171
7809
7208
7341
7097
7087
7179
7841
7308
7160
7280
7326
7421
7141
7487
7204
7168
7207
7245
8399
7243
7321
7184
7075
7157
7088
10800
7470
7626
7126
7086
7358
7217
7018
7081
7163
7089
7060
7251
7299
8932
7482
7224
7070
7007
7032
7127
7367
7298
7111
7004
7314
10747
7496
7048
7068
7101
7226
7149
7331
8787
8108
7198
7041
7148
7049
7085
7056
7004
7129
7315
7129
44639
7760
7122
7105
6992
7109
10952
7476
7015
7100
8572
7363
8833
7194
7050
7094
7141
7227
7049
7110
9030
7319
7060
7077
7008
7007
7180
7162
7108
7128
6998
8225
10580
7496
7061
7135
7000
7100
6955
7082
7077
7054
7064
7238
7060
6989
7121
7292
7064
7023
6940
7035
9359
7296
7051
7009
7176
7168
10503
7584
7024
7082
7118
7079
7131
7204
7358
7179
7161
7194
7183
7101
7030
8432
7230
7111
7193
7087
6998
7081
7105
7115
7200
7132
16423
7890
7090
7053
7131
7118
7077
7052
7062
7068
8306
7337
7149
7051
12229
7941
7185
7201
7035
7177
7198
7176
7238
7195
7283
7055
11060
7674
7101
7243
7150
8590
8769
7261
7122
7120
7137
7007
7198
7217
7195
7090
7072
7169
7088
7140
7133
7165
7253
7244
7095
7091
11498
7627
7190
7226
7237
7109
7083
7285
7185
6912
6874
6752
8542
7058
6743
6788
6792
6790
6832
7116
6829
8075
6953
6859
6874
6850
10307
7320
6850
6882
6862
6894
6977
6771
6891
7009
6991
6826
6846
6792
6792
6840
8067
6946
8285
6923
6842
6928
6734
6828
6727
6878
16275
7501
6723
6868
6763
6864
6846
6806
7025
6952
6930
8242
6912
6783
11514
7053
6737
6847
6778
6878
6850
6913
6797
7032
8448
6830
10059
7203
6731
6819
6886
6774
8119
6936
6846
6636
6763
6701
6767
6743
6865
6910
6930
6788
6787
6801
6821
6848
7058
6998
6844
6731
10219
8349
7050
6804
8492
7171
6836
6740
6939
6901
7092
6735
6786
6824
6735
6846
7012
6820
6809
6751
6864
6982
11222
7137
6764
6872
10335
7279
6735
6787
6858
6788
6838
6795
6881
6788
8480
7021
6817
6804
6853
6767
6864
7998
6968
6863
6879
6903
6827
6890
6813
6751
10199
7343
6838
6925
6776
6757
6891
6976
6863
6840
6718
6779
7979
7089
6893
6780
108100
14047
10741
7082
7086
7136
7071
7074
7169
7375
7622
7127
7074
7113
7487
7323
7273
8069
7434
7132
7193
7289
7243
7238
7125
7444
7183
7332
7351
7245
7396
7107
7593
7861
7308
7415
7069
7120
7201
7269
7097
7229
6834
7106
6731
6974
6857
6912
6856
7261
7009
7308
6843
7073
6924
6692
6786
6666
6804
6734
7326
7224
7142
7001
6764
6741
7127
6813
7058
7240
6862
6773
6845
6932
6928
6847
6847
6842
7215
7033
6854
7266
6898
6739
6726
7061
77044
12743
14186
7348
7433
7259
7624
10110
6871
7067
7006
7147
7015
6874
6958
6765
6932
6900
6826
6848
6801
7253
6964
6835
6818
6803
6794
6875
6800
6936
7500
6941
6803
7100
6871
7013
7182
7406
6825
6812
7003
6890
6828
6816
6792
7104
6875
7304
7022
6928
6976
7358
7026
7444
7009
6891
6933
6891
6882
6910
6998
6861
6851
7691
6879
7142
6990
7254
6980
7058
7419
6855
7026
7201
7425
6980
6731
6965
7130
6963
7133
6779
7062
7291
6764
6900
7314
6895
6885
6950
7362
7329
6923
7246
6851
6972
7096
6764
6788
7101
6869
6902
6716
6882
7349
6786
6888
6981
11058
8049
7110
7024
6968
6770
8252
7214
7168
6860
6895
6760
7066
6862
6765
6802
6785
6900
6692
6803
6780
6920
7200
6972
6835
6970
6822
8023
6952
6816
6744
6843
6801
6949
7305
6745
6743
6751
6767
7011
6901
6882
6770
6882
6750
6798
7259
6998
7970
7285
6802
7004
6809
6753
6898
7058
7163
6904
6741
6975
6904
6984
6870
6885
6824
6911
6802
6714
6706
8003
6991
6766
6771
7229
6894
6859
6909
6881
7320
6869
7222
6763
7183
7085
6927
6824
7226
7007
7327
6746
8202
6978
6739
6922
6758
7121
7388
7018
7162
6819
6951
6813
7028
7011
6861
7276
6947
6860
6933
14712
12920
8619
7775
7160
7064
7107
7037
7299
9978
7103
6782
6961
7267
6768
6753
6721
7022
7080
6811
6698
6761
6848
8181
6939
6774
6878
7019
7499
7033
6802
6743
6788
6794
6782
7044
6864
6920
6886
6829
6881
6816
7230
6933
8074
7097
6712
6820
6881
6796
6783
7402
6881
6720
6769
6867
6842
6813
7091
6809
7203
6900
6977
6824
6841
8196
6930
6915
6741
6750
6855
6739
6774
6703
6684
6717
6778
6928
6846
7062
6765
7018
6760
7224
6912
6975
8040
6796
6705
10185
7115
6726
6833
6751
6655
6705
6644
16534
8375
6868
6779
7237
6886
6828
6751
6772
6834
8395
7144
6844
7183
6784
6736
6692
6968
10477
7291
6778
6827
6770
6781
6759
7157
6829
6755
6691
6755
6790
8093
6881
6794
6747
6741
6846
7279
6989
6929
6779
6677
6752
6730
10696
7201
6774
6899
7038
7208
7003
6839
7907
7092
6716
6892
6779
6777
6884
7110
6637
6756
6699
6736
6948
6817
7174
6801
6710
6793
10445
7164
6998
8245
7140
6800
6894
6714
6950
6873
7093
7070
6907
6945
7241
6871
6699
6948
6799
6700
6952
6918
7315
6761
7965
7062
10209
7187
6944
7108
6772
6790
6763
6731
6808
6887
6773
7623
7365
6808
6955
6827
6825
6843
6746
8180
7112
8980
7250
6954
6749
6807
10380
7344
6793
6784
7187
6879
6991
7318
6969
6848
6770
6777
6824
6796
7925
7000
6750
6811
6957
6955
6984
7368
6969
7108
7063
6939
10394
7397
7195
6809
6727
7053
7103
6944
6747
8287
6982
6771
6757
6766
6919
6923
6833
6756
6835
7153
7034
6797
6756
6708
6753
6828
10288
7582
7031
6851
7852
6851
6733
6770
6873
6752
7193
7041
6909
6780
6703
6925
6905
7135
6864
6745
6947
6953
6885
6829
6774
8084
10385
7163
6831
7231
6886
6935
6899
6755
6750
6819
6834
6971
6780
106944
15652
7793
7227
7056
7107
7288
11354
7106
7195
6842
6956
7025
10172
7152
6739
6871
6904
6857
6772
6950
6900
6730
6802
6852
6746
6834
6951
7934
6900
6788
6783
6757
7179
7029
6786
6806
6852
6738
10276
7239
6740
6787
6802
7219
6852
6797
6724
6784
8079
7152
6774
6713
7273
6840
7011
6808
6921
7042
7022
6908
7116
6994
6777
6832
10129
7228
6782
6825
6719
7741
6886
7153
6886
6794
6943
6988
6795
6781
6951
6846
6746
6731
6809
6873
7124
6972
6770
6788
6916
6734
11130
7256
6759
6827
6722
11368
7509
6781
6954
7037
6736
6821
6849
6679
6786
6752
6709
6837
6695
6819
6795
8035
6970
6763
6756
6891
10311
7225
6693
7201
6746
6727
6954
7006
6849
6774
7090
6940
6838
7183
6947
6776
7973
7008
7027
6682
6797
6797
6910
6790
6875
6763
14648
7562
6837
6789
6729
6754
6716
6795
7119
6731
6782
7962
6894
6744
6785
6864
6775
6772
6799
6818
6807
6750
6977
6912
6804
6646
10197
7227
6747
6771
6726
6754
10384
6963
6816
6699
6795
6690
6834
6875
6823
6829
6748
6773
6728
7072
6764
6905
6932
6743
7093
6837
15298
8451
7079
6890
6826
6978
6951
11364
7409
6795
6750
6735
6832
6786
6709
8380
6831
6893
6941
6735
6750
6791
7865
6896
6742
6675
14520
7444
6775
6966
6768
6738
6779
6688
6756
6791
6698
6730
6848
6689
6896
6939
6752
7950
6876
6788
6845
8351
6981
6745
6689
6682
10122
7203
6772
6659
6713
6700
6701
6745
6754
6862
6716
6821
7889
7004
6778
6757
6762
6715
6752
6695
6735
6850
6749
6794
6828
6720
14301
8561
6899
6804
6675
6692
6811
7784
7155
6725
6742
6700
6829
6721
6775
6736
6807
6771
6714
6738
6871
6938
6741
6789
6647
6697
14071
7326
7869
10186
7195
7136
7105
8753
7159
7042
15051
7610
7189
7117
7106
7158
7283
7218
7108
7055
7170
7102
7013
8072
7292
7108
7560
7153
7141
7359
7147
7213
7315
7363
7579
7236
7359
7312
7177
7353
8118
7468
7215
7172
7248
7060
7505
7097
7109
6992
7050
7005
7670
7290
7087
6988
10006
6893
6799
6909
6917
6976
6977
6940
7770
6743
6886
6991
6840
6686
7097
7152
7246
6749
6757
6760
6930
6938
6974
6790
6887
6896
7413
6953
6986
6916
7169
6799
7010
6780
7056
6755
6906
6813
6825
6844
6754
7003
7471
6992
6899
6767
6824
7128
7384
6743
6861
7013
6885
6844
6824
6692
7072
6954
7167
6837
7008
11203
7438
6905
6872
6860
6919
6911
7316
6825
7501
6887
7014
6874
6963
6847
6675
6758
6985
6959
7151
6791
7046
6817
6789
7000
7020
7373
6854
6789
6751
6778
6944
6868
6867
6764
6747
6803
6937
6691
7225
6902
6853
7075
6927
7144
6766
6703
6798
7172
6884
6728
6809
6981
6785
6712
6699
6746
6779
7015
7021
6746
7169
6826
6767
7147
6803
7148
6897
6844
6652
6714
6737
6779
6769
7347
7106
7076
6985
7139
6905
7246
7068
6928
7081
7051
6894
6867
6790
6839
6832
7340
6913
6851
6651
6855
6751
7084
6963
6950
7070
6852
6750
6983
6965
6821
6822
6738
6818
6682
6724
10985
7366
6812
6730
6781
13521
12368
12307
8089
7529
7206
7024
7238
10286
7151
7027
7289
7124
6824
6770
6906
6954
6962
6786
7640
7106
7092
6815
6880
6842
6875
7193
6811
7018
6854
6724
6728
6838
6804
6810
6740
6875
7230
7256
7216
6778
6935
6803
6709
6784
6764
7041
6968
6748
6820
6915
6811
6771
7064
6816
6763
6758
6751
6731
7003
6820
6756
6775
6807
7556
6799
6928
6878
7124
6889
7312
7006
6840
6781
7133
6829
6779
7029
6827
6809
6888
7080
7015
6992
7002
7497
6956
6869
7353
6953
6793
6806
6861
7320
6953
86146
12940
10779
7025
7140
7068
7130
7658
7250
7257
7421
7169
7103
7633
7501
7079
7170
7376
7185
7156
7044
7826
7822
7370
7418
7129
7322
7353
7081
7396
7077
7695
7350
7045
6768
7071
6812
6795
7465
7180
6855
6979
7063
6806
7089
7021
6823
7128
6877
7047
6803
6967
6964
6906
7031
7347
7507
6880
6798
7140
7089
6835
6705
7111
6796
7173
6931
6795
6745
6699
6949
6952
7000
6945
7273
7142
7025
6961
6762
6784
6938
6819
6737
7217
7008
6733
6734
6870
6805
7053
8428
7281
6868
6892
6738
6977
7165
11637
7979
7249
6990
7331
7000
6833
6810
6735
7113
6931
6937
6983
7229
6869
6786
7288
6897
6934
7005
6918
6660
7304
6844
7215
6885
6903
6762
6785
6712
6819
7138
7259
6785
6728
6859
7094
6740
6916
7357
7028
6848
6816
7314
6824
6769
7214
6790
6750
6729
6823
7010
6861
7081
6943
7362
7512
6917
6912
6944
7029
6786
6776
6968
7119
6803
6939
6950
6844
7084
6852
6869
7206
7049
7280
7103
6885
6810
7399
6871
7030
6853
7145
6850
7013
7027
6953
6932
6873
7140
7043
7179
7151
7767
6928
7029
6882
6849
7312
6922
6779
7089
7148
7080
7022
7315
7405
7260
6913
9918
7259
7050
7049
6975
6917
6887
6763
6893
6976
7047
7411
7347
6924
6776
6905
6950
6860
6803
7286
7015
7688
7095
7342
7178
7035
7102
7061
7190
7031
6994
6921
7260
7057
7424
7092
7119
7543
7102
6845
6960
7432
6907
6995
6968
7177
7415
7087
7200
7146
7081
7172
6806
6889
7063
6971
7157
7756
6999
7138
6757
6795
6748
7056
6787
6822
6741
7284
6894
7000
7140
7275
7119
6885
6991
7219
6907
6915
6855
6825
7196
7153
6840
6916
7266
6833
7065
6821
6813
6758
7167
7050
6920
6989
6903
6826
6927
6716
7031
6866
6849
7170
7527
7110
7225
7046
6948
101248
13892
11253
7628
7197
7307
7020
10088
7060
6881
7102
6786
7402
6841
6804
6915
6873
6756
6804
6732
7197
7105
6961
7036
6844
7200
6974
6891
7473
7065
6944
7431
7103
7173
6853
6884
7151
7008
7040
6901
6780
7284
7163
6890
6776
6988
6937
7113
8517
7005
6922
7513
7301
7041
6790
6793
7094
7125
6825
6809
6801
7250
6866
6735
6863
7109
6814
6853
6798
8099
7021
6851
6747
6888
6981
7366
7024
6953
6833
7056
7057
6981
7179
6820
7031
6881
6771
6951
6800
6966
8262
7011
6802
6738
7063
6922
6981
11084
7418
6745
7366
6844
6805
6783
7200
7044
6858
7179
6954
6834
7577
8375
7009
7049
7069
6925
6842
7272
6916
6931
6970
6950
6903
6821
6953
6977
7127
6916
6889
6870
6786
6945
8187
6923
7201
6996
7035
6983
6898
6809
6846
6777
6803
6835
6961
6766
6782
7007
7087
6831
6706
6773
6753
8104
7098
6980
7048
6778
7233
7046
6747
6846
7021
7102
7196
6898
6982
7123
6835
6971
6860
7061
6906
6728
8081
7189
6827
7000
6778
6792
6760
6849
6871
6981
6680
6780
7115
6907
6995
7170
6951
6911
6731
7241
6866
8090
7064
7019
6855
6754
6685
6840
6839
7104
7451
10904
7562
7061
6963
6907
6886
6803
6871
7296
7029
6875
8250
6950
6772
6825
7216
6822
7037
6760
6888
6998
6951
7379
6965
7142
6889
7112
6817
6932
7274
6904
7384
7972
6980
6945
6970
6961
7441
6817
6899
6901
6926
6914
6954
7160
7037
7302
6719
6872
6704
6901
6774
6821
8073
7098
6754
6789
6757
6789
6969
7198
6944
6858
6774
6889
6910
6911
6844
7264
6890
6827
6901
6890
6737
8184
7672
6811
6713
6872
6995
6755
7021
7189
7009
6855
6807
7173
7027
6898
6921
6883
6818
6742
7201
6803
8117
7018
6871
6847
6846
6860
7195
7191
6841
6871
6713
6803
7056
6916
105252
15764
7283
7705
7296
7198
7069
8677
7588
7206
7129
10076
7074
7110
7041
7079
6892
7411
7306
6905
6944
6878
6892
6874
6841
6898
6849
6887
8129
6988
6870
6827
7253
6859
6788
6956
6905
6915
6808
6927
7359
7276
7173
6822
7054
6872
6770
6941
6891
7941
6985
6797
7114
7075
6847
6872
6804
6784
6967
6761
6779
6719
6774
6723
6775
6690
7283
6873
6978
6809
8104
6986
6917
7125
7117
7110
6787
6788
6971
6862
6901
6832
6811
6792
6822
6768
6883
6848
6772
7055
81750
15330
10974
7240
7118
7598
7405
10204
6859
6871
6766
6820
6791
7232
6829
6854
7134
6876
6764
6776
6773
6943
8444
6960
7094
7034
6908
7187
6935
6736
7245
6795
6941
7025
6840
6766
6855
6765
10334
7485
7169
7007
6850
8039
6927
6722
6750
7128
7122
6839
6846
6831
6840
6993
6823
7289
6822
6734
6703
6993
6863
6914
6733
6803
10697
7523
6845
6772
6702
6723
6690
6989
6953
7016
6767
6837
6763
6903
7040
7211
6944
6763
6778
6750
6756
8084
7035
6842
7155
7031
9997
7748
6996
6840
6770
6745
6734
6777
6935
7043
6930
7116
6947
6824
6799
11174
8611
7017
6736
6815
7486
7213
7144
6946
7078
7099
10035
7526
6834
6824
6873
6837
6901
6791
6879
7328
7214
8047
7007
6818
6934
6881
6825
6817
7135
7042
7022
6782
6958
6927
6943
6970
10098
7336
7219
6988
7024
6970
10079
7241
6943
7629
7081
6910
6853
6865
6780
6891
7014
7129
7225
7206
7140
7153
6928
6892
7035
6816
9962
8393
6927
6872
6823
7183
7102
7050
6981
7077
7064
7024
6813
7004
6911
6851
6947
6770
6823
6820
8482
6978
8167
6871
6779
6719
9800
7207
7316
6894
6993
6881
6813
6943
7060
6851
6827
7176
6833
6739
6752
6823
80430
15850
13809
7112
7089
7162
7451
7338
7104
9711
10656
7548
7028
7075
7197
7042
10500
6847
6833
6994
6878
6785
8059
7178
6879
7245
7095
6915
6873
6896
6963
6827
7263
6953
6760
6694
15428
7553
6798
6816
6745
6800
6867
8164
7068
6753
6967
6761
6812
6741
6835
6847
6935
6886
6775
6733
7203
7102
6775
7023
6811
6783
10409
7271
7950
6991
6799
6757
6940
6787
6773
7130
6889
6857
6832
6895
6837
6975
6753
6727
6792
7185
6904
6914
6976
7941
7037
6773
14900
7424
6860
6788
6694
6771
6771
7344
6837
7635
7099
6827
6989
6802
6797
7222
6674
6664
8160
6949
6783
6934
7031
7394
6915
6918
14549
7307
6997
6808
7098
6996
7085
6931
6889
6957
6785
6789
6779
8144
6844
6882
6733
6773
6888
6779
6812
6926
6943
6743
6775
6795
14488
7391
6767
7155
6807
6824
6820
6786
8146
6975
6826
6827
6951
6887
6732
6854
6785
7062
6889
6847
6727
6761
6827
6795
7184
6890
14391
7455
6742
8179
7016
6792
6728
7212
7122
6852
6837
6922
8282
6895
6760
6818
6825
6729
6814
6866
6814
6891
6951
6968
7970
6890
10134
7175
6713
6924
6699
6886
6902
6829
6773
6800
11523
7285
6750
6869
6857
6947
6849
6803
8394
8121
6935
6855
6931
6780
6920
6802
14845
7466
6810
6998
6808
6775
6797
6821
6869
6811
6825
6811
6854
6778
8074
7053
6806
6912
6882
6917
6803
6785
6906
6929
8194
6945
14446
7362
6831
6755
6794
6783
6778
6820
6890
8231
7013
6832
6962
6791
6952
6789
6928
6836
6824
6782
6808
6797
6792
6744
6716
6861
17073
7437
6749
6929
8842
7016
6810
6994
6891
6822
6739
6934
6827
6938
6808
6901
6933
6976
6919
6913
6812
6909
6932
6925
6901
8077
10373
7344
6789
6831
6748
6824
6884
6900
7052
6793
8013
6996
18819
7466
7096
7137
7204
7071
7196
7175
8887
7414
7249
7111
7091
7159
7545
7470
7247
7210
7159
7188
7264
7268
7211
7294
7287
10159
6989
6932
6939
7511
7437
6945
6832
6769
7196
6985
6888
7196
7028
7346
7258
6998
7120
6892
6835
6849
6951
7012
7215
7042
7049
7095
7683
7296
7106
7005
6929
6803
7072
6947
7039
7041
7034
6973
7164
7060
7305
7141
6891
7358
7027
6939
6897
6819
6879
7119
6903
6944
6958
6948
6773
6905
6827
6838
7008
7290
7052
6826
6794
6866
6874
6975
7167
7274
6929
11973
6991
7200
6937
6935
6956
7026
7057
7284
7015
6866
7039
7009
6934
7005
7029
7141
6877
6826
6853
6780
6962
6893
7109
7137
7907
6882
7109
7168
6980
6930
6960
6935
6909
6859
7159
6931
7288
6868
6991
6955
6911
6807
6896
6848
7179
7117
6891
6835
7778
6929
7136
7379
7114
6993
6841
7190
6927
6986
7081
6995
6814
6953
10289
7286
7179
7174
7242
7891
7340
7171
7197
7128
7344
7463
7595
7266
10414
7104
6788
6904
6800
6879
6932
7010
7112
6872
8458
7050
7184
6837
6883
6800
6793
7145
7291
6833
7050
7128
6869
6771
6748
6908
6737
6887
6772
7258
11357
8267
7046
6883
7346
6833
6896
6995
6834
6849
7018
6765
6893
7094
7207
7161
6987
6865
6830
6796
6785
6842
7946
7433
7091
7134
6849
9908
7358
6945
7155
6788
6989
6902
6891
6830
6883
6794
6899
6850
7250
7066
6802
7964
6873
6801
6973
6746
6797
6726
6703
7000
6845
10111
7307
6756
6835
6851
6830
6833
6752
6935
6950
6661
7942
7313
6815
6869
6831
6817
7150
6965
6905
6936
7304
6875
6806
6876
6947
9998
7321
6766
6840
7324
6996
8251
7141
7118
6992
7166
7375
6826
6954
6888
6799
7187
7049
6749
6768
7054
8187
6931
6834
6771
6815
10059
79988
13644
13438
7162
7145
7121
7246
7229
7135
7248
7329
7380
7125
7175
7210
7168
7132
7198
7096
7125
7172
7777
7314
7114
7169
7596
7818
7169
7143
7123
7376
7125
7123
7684
7335
7674
7147
7265
7198
7120
7376
7106
6888
6780
6739
6783
6819
6747
7167
7084
7748
6961
6947
7023
6905
6750
7282
6996
6833
7158
7015
7168
6883
6771
6781
6851
6940
7145
7149
7249
7058
7342
7350
6858
6901
6889
6892
7014
6875
6773
6808
6735
7050
7003
6843
6784
6853
7180
7110
6839
6747
6771
6705
6713
6762
6977
6902
7204
6745
11447
7598
6936
6744
7052
6855
7182
6805
6734
7232
6777
6903
6779
6986
6793
6884
7632
7032
7085
7341
6936
7008
6950
7021
7073
6867
7420
7155
6993
6871
6915
6992
6868
6796
6758
7238
7207
7074
6855
6903
6794
7039
6841
6838
6712
7133
6990
6876
7160
6858
6758
6961
6818
6940
6710
6997
7343
6866
6904
7336
6929
6849
6844
6895
6990
7018
7144
6875
6781
6785
7251
6823
7381
6842
6953
6796
9190
7139
7291
7006
6888
6825
6753
6771
6771
7148
7004
6945
7341
6915
6821
6752
7122
7196
6871
13248
12943
12561
12106
7702
7344
7135
7132
7014
7267
7421
7129
6788
6786
6904
6869
7304
7032
6953
7068
6822
7144
6852
6796
6752
6748
7140
7082
7219
6894
6799
6926
6913
7058
7237
7280
7029
6952
6780
7428
6942
7295
6867
6743
6976
7275
7048
7027
7295
6864
6813
6723
6738
6995
7239
7468
7516
7245
6927
7295
6793
6723
6749
7176
6974
7060
7066
6881
6931
6932
7059
6846
6692
6765
7352
6961
6723
6901
7060
6888
6895
7189
6847
6880
6917
6943
6811
6801
6909
7277
6891
7023
7837
7205
6814
6926
6798
6753
7084
6888
6796
6934
7005
6989
7380
7044
7119
6895
7364
7215
6945
84107
13663
8209
7263
7282
7307
7199
10580
6903
6832
6761
6833
6973
6762
7206
7214
6863
7085
7090
7103
7096
6859
7330
7101
7607
7093
7318
6879
6979
6848
6876
6788
7133
6866
6922
7019
7157
7332
7121
6826
7359
7142
6804
6804
6802
6836
6879
6896
7019
6754
6782
6837
7322
6948
6783
7379
7034
7373
7083
6797
6979
7017
6855
7142
7062
6878
7125
6854
6763
6707
6901
6818
6741
7260
7198
7136
6777
6753
6869
6732
6839
7156
6832
6745
6945
7167
6834
6724
6820
6857
6807
7207
6793
7214
7005
6961
6978
7042
7561
12783
11093
7370
7112
7091
7075
7170
7303
7548
7170
7084
7431
7329
7377
7299
7285
7142
7180
7671
7288
7316
7229
7488
10738
7415
7144
7029
7026
7145
7354
7159
7451
6783
7039
6927
6836
6920
6779
6971
7322
6926
6980
7012
6841
7244
7139
7490
7284
6960
6865
6865
6799
6756
7301
6974
6984
7072
6832
7224
7287
7252
6881
7029
7370
6998
7023
7498
6915
6831
6897
7088
7311
6874
7007
6876
6969
6826
6751
6929
7305
6995
6883
7133
6966
7034
6825
6949
6970
6835
6883
6843
6838
6775
6818
7013
6764
6716
7294
6890
6757
6756
6782
7406
7047
6828
6885
10570
7832
6875
6816
6888
6787
7274
6844
6925
6872
7168
6867
6820
6935
7257
7799
7078
6847
6869
7022
6825
6831
6725
7027
7043
7000
6926
7211
7064
6794
7114
7104
6980
6828
7037
6914
7135
7298
6940
6779
6756
6813
6852
6794
6912
6730
6762
6900
7063
7197
6937
6963
7291
7045
7387
7023
7024
6851
6786
7013
6908
6939
7326
6942
6951
6827
7157
7229
7137
6871
7552
7168
7114
6885
6795
7104
6875
7117
6770
7184
6866
7136
6887
6793
7231
6920
6777
6705
7262
7331
6842
7176
6850
6837
7035
7168
7052
6812
7068
6929
7131
7119
6916
6960
6946
7615
6907
7023
6869
11187
7148
6885
7026
6896
6809
6756
6784
6754
6981
7083
7417
6705
7042
6831
7046
7187
7182
7139
6788
6795
6819
6787
6794
6957
6988
6949
6853
6861
6895
7180
6894
7652
7114
7009
6860
6983
6831
6738
6952
7121
6913
6957
6920
6974
6907
6788
8503
6959
7100
7107
6786
6802
7017
7117
6960
7002
7177
6958
6874
6793
6804
6945
6721
6698
6817
6982
7273
8091
6921
6834
6840
6905
6849
6789
6732
7169
7031
6908
6902
6801
6815
6725
6815
6766
7057
6842
6862
6836
8436
6997
6858
6714
6907
6848
6848
6711
7474
7034
6883
6761
6916
6759
6714
6832
6840
6788
7025
7125
113877
17210
7792
7472
7285
7127
7244
10452
6816
6811
6776
6818
6664
6835
6711
6980
7100
7008
6885
6919
6875
7126
8085
7026
6862
6816
6796
6727
7216
7254
6966
6857
6787
6703
6941
6995
7162
6855
6839
7080
7164
6782
6901
9604
7095
7133
6910
6945
6817
7219
6871
6952
6724
6744
6778
6774
7132
6785
6763
6941
6771
6767
6741
7025
7910
6923
6762
6736
6737
6784
7245
6890
6836
7179
6840
6764
6746
6780
6804
6848
6915
6857
7165
6803
7237
7977
7121
6806
6902
6704
6723
6718
6763
7084
6917
7153
6958
13089
10556
7256
7280
7198
7057
7167
7534
7663
8485
7689
7480
7374
7117
7379
7277
7420
7266
7156
7165
7150
7012
7215
7179
7300
7670
7332
7305
7127
7098
7507
7054
7122
7074
7032
10409
6858
6842
6776
6771
7294
7117
7326
7041
6940
6950
7088
6925
7400
7352
6914
7140
6879
6758
6882
6743
6794
7115
6913
6822
6858
7015
6862
7300
6954
6890
7094
6872
6845
7143
7034
6891
6772
6863
7936
6947
6957
7066
7348
6834
6956
6991
6948
7090
7239
7133
6886
6755
6790
6876
7041
7198
7038
7050
7256
7391
6941
6806
7089
7080
6783
6760
6848
6829
6894
6746
11940
7518
6857
7406
6851
6877
6838
7227
6821
6993
6841
6762
7389
6901
6859
6901
6887
7321
6902
7013
6932
6962
6864
6928
6785
6882
7079
6905
6975
7127
6976
7351
7037
7586
7045
6939
6939
7130
6770
6724
6876
7013
7574
7096
6858
6900
7193
7066
7066
7111
7045
6969
7165
7689
6903
7038
7061
7120
6964
8520
6883
6712
6862
6891
6880
7180
7187
6795
6803
6810
7019
7043
6958
7277
6865
7080
6945
6862
7180
6927
6864
7286
6855
6863
6816
6925
6737
6817
6925
6694
6976
6858
6934
7000
6848
6858
6922
6863
7440
7122
6901
7199
7072
6817
6744
7018
7002
7015
8426
7220
6869
6888
7012
7068
6971
6990
7245
7087
7141
7034
6907
7383
6905
6934
6771
6857
6812
6696
6806
6794
7153
6969
6846
6831
7095
6789
6873
6712
6761
7239
7050
6829
6845
6723
7026
6793
7162
6770
6810
6923
6789
6794
6839
6894
6767
6709
7073
7009
6879
7388
6956
6811
6813
6871
6954
6840
6969
7172
6953
6970
6844
6901
7077
6902
7222
7399
7084
6776
7077
7083
7028
7222
6815
6783
6911
6838
6967
6882
6781
7304
6773
6829
7111
6847
6754
6975
6940
7683
6871
6924
6858
6880
6752
7240
6943
6927
7147
7256
7161
6927
6973
7099
7170
6966
6838
6915
7129
108154
15304
7315
7466
7499
7186
7116
7261
7228
7257
7137
7459
7361
7160
7297
7138
7479
7200
8059
7120
7484
7319
7147
7108
7270
7504
10045
7093
7390
6856
7325
6987
6907
6817
6862
6855
7264
6818
7219
6825
7055
6968
7000
6748
6748
6914
7077
6979
6969
7117
6996
7028
7226
6833
6922
7020
6845
6784
6717
7072
7104
7093
6872
6757
6753
6771
6768
6936
6856
7386
6989
6834
6785
6795
6701
6772
7110
6841
6950
6789
6776
6767
6757
6850
6797
6724
6760
6994
6904
6794
7280
6907
6747
6912
6771
7039
6812
11069
7356
6746
6765
6778
7578
6941
6977
6908
7309
6820
6876
6952
6850
6845
7107
6929
6961
6871
6977
6854
6881
6935
7148
6825
6742
6998
6769
6758
6936
6871
6695
6946
7181
7391
6852
6926
6958
6949
6802
7059
7243
7345
6850
6918
7029
6844
6875
6927
6810
6967
6988
6879
7354
7095
6903
6817
6944
6812
6728
6801
7351
6983
6998
7019
6932
6967
6788
7087
7692
6902
6917
6807
6935
6789
6697
6713
6983
6993
7268
6995
7046
6990
6817
6887
7179
6866
6818
6802
7151
6974
6700
6758
6850
6868
6743
6924
7072
6867
7003
7279
6791
7067
6975
7060
7307
6793
6934
6825
10906
7439
6758
6681
6747
6822
6751
7077
6968
6918
6928
7190
6883
6782
6819
7502
6912
6857
6842
7153
7164
6797
6946
6857
6720
7091
6794
6767
6993
7069
7048
7717
6962
6830
6800
6937
7086
7002
6883
7050
6979
7123
6827
6927
7156
7006
6921
7322
6884
6852
7352
6831
6774
7179
6852
7175
6755
6798
6920
7228
7222
6921
6908
6791
6931
7108
7364
7004
6800
6754
7208
6803
7170
7006
7078
7008
6786
7065
6868
6884
7215
6812
6944
7190
7510
7369
6975
6965
6957
7044
6824
6733
7272
6929
6893
6809
6759
6890
6813
6857
7218
7231
7168
6864
7165
6830
6740
6761
6875
6751
14460
14606
7739
7356
7136
7054
7172
7058
7084
7040
7097
7916
7343
7473
7305
7199
7448
7412
7672
9987
7334
7260
7322
7167
7099
9962
6898
6711
7175
7111
6944
6846
6871
7381
7103
6868
6992
6802
6731
6819
7024
7152
7263
6809
6721
7294
6800
6818
7289
6931
6854
6728
6760
7077
6856
6749
6740
7003
6887
6937
6735
7086
7096
6814
6773
7075
7130
7081
7040
6924
7077
6825
6781
6815
6944
7096
6975
6878
7119
6871
6723
6780
6711
6811
6823
7229
7034
6823
6769
7424
7041
6849
6963
6876
6893
7156
10792
7608
6930
7190
7231
6888
6955
7192
6747
6793
7014
7018
7002
7163
7449
7415
7013
7055
6978
6992
6841
6752
6804
7034
6986
6774
6734
6905
10927
7345
7163
7280
7100
7052
7141
7081
7410
7133
7002
7096
7079
7102
10227
7556
7096
7228
6830
6754
6754
6831
6795
6679
6769
6808
7134
7096
6919
7024
6958
6925
6779
7724
6927
6868
6948
6847
6796
6802
7386
6852
6940
6848
6928
6976
7034
7216
7371
6963
7145
6824
6742
6750
7193
6812
7010
6992
6953
7162
7072
6803
6735
6742
6785
6922
6753
6759
7013
6840
6781
7259
6810
6987
6938
6785
7249
6839
6906
6827
6803
7389
6975
6864
7096
6822
6831
6896
6901
7139
7105
6845
7037
7421
6890
7241
7080
7545
6895
6822
6912
6972
6911
6823
6990
6894
7116
7010
6896
6933
6966
6831
6777
7300
6849
6850
6971
7200
7409
6851
7225
6936
7083
7015
7002
7040
7032
6890
7057
6920
6798
6819
6981
6888
6749
6816
6753
6773
6783
7020
7001
6962
7309
6993
7560
6888
6907
6869
6792
7269
6919
7036
6895
7024
7288
7012
6809
6822
7149
6981
7182
7298
6819
6934
7081
7333
7184
6876
8204
6909
7023
6754
6904
7265
6865
7100
7020
6782
6801
6942
7178
6947
7080
6782
6958
6964
6749
6786
6734
113915
14777
7247
7658
7404
7392
7150
7058
6999
7044
7510
7216
7294
7146
7470
7321
7186
7171
7102
7079
6974
7644
7421
7523
7152
10265
7190
6741
6656
6980
8498
6930
6780
6885
6748
6787
6732
7722
6785
6751
6732
7019
6812
7279
6936
6918
7047
7364
6948
6857
6996
6890
6809
6722
7720
6986
6990
6997
7241
7052
6840
7211
6906
7157
6784
6900
7007
7079
7007
7040
7179
6913
6777
6948
6856
6831
6764
7109
6719
6776
6796
7059
6826
6781
6932
6769
7129
6788
6775
7309
7035
7117
6983
6992
7050
6885
8137
7489
7043
6850
6758
6755
7078
7164
6994
7308
6969
7141
6968
7079
6830
6770
7156
6802
6764
6779
6852
7243
6795
6738
7246
7075
7060
7457
6854
6911
6816
7158
6758
6747
6935
6780
6853
6947
6945
7781
7082
6790
6991
6848
7285
6785
6922
6736
6903
7350
6796
6723
6739
6732
6881
6771
7212
6753
6768
6900
6844
6704
6801
7224
6785
6695
6739
6825
6843
6947
7231
6908
6778
6787
6793
7115
6835
6810
7239
6934
6796
7035
6876
6864
6747
6747
6715
7025
7151
6878
7242
7008
6832
7018
6814
6833
6803
7346
6840
6731
6752
6780
6700
6931
6801
7067
7435
6909
7137
11334
6975
6886
6831
6737
6749
7452
6869
7058
7095
7241
7018
7033
7223
7041
7618
6904
6848
6947
7172
6965
6941
6780
7138
6833
6969
6896
7150
6946
6982
6952
7198
7055
6984
7282
6825
7136
6910
6886
6924
6838
7182
6780
7134
6901
6944
6823
7060
7096
6766
6735
6892
6785
7146
6802
7353
6985
6923
6965
7006
7245
6976
6878
6787
6840
6828
6837
6852
6937
7259
6848
6884
7290
6967
6869
6861
7125
7304
6933
7461
6897
7048
7077
6778
6749
6709
6658
6892
6890
7223
7424
6984
6971
6956
7113
7395
6953
6815
6775
6901
6797
7143
6782
6846
6772
6937
6959
7148
7102
108562
14098
8819
7388
7204
7080
7053
7020
7382
7055
7356
7436
7080
7072
7087
7066
7199
7083
7089
7062
7020
7041
7039
8084
7520
7273
7152
7093
7085
7190
7139
7059
7623
6853
6719
6807
6744
6722
6638
7034
7046
7022
6937
7078
7010
6859
7240
7076
6755
6857
7045
7110
6966
7204
7023
6782
6830
6724
6713
6736
7540
6916
6827
6885
6749
7251
6906
7119
7480
6859
7181
6961
6735
6757
7004
7455
7000
7016
7088
7085
7079
7120
7320
6923
7051
7211
6870
6881
7083
6894
6848
6741
7225
6933
6825
7095
10487
7586
6846
6762
7017
6992
7229
6874
7062
7530
6794
6763
7033
7080
6845
6930
6910
6907
6832
6759
7093
7172
7103
6972
6890
7117
7123
7435
6899
7020
6773
6692
6749
6709
6724
7007
7125
6880
7038
6773
6945
6805
6868
6864
6785
7456
6850
7017
6863
6861
7049
6813
7047
6852
6765
7190
6958
6954
7128
7062
7033
6788
7242
6872
6861
6816
6775
6721
7082
6727
6929
6923
6801
7010
6777
6950
7168
6923
6796
6769
7226
6998
6838
6728
7085
6857
7087
6866
6724
7009
6840
6797
6810
7147
7025
7081
6881
6765
6781
6782
6745
6734
6750
6773
6741
6712
7489
7036
7541
6961
11137
6962
6743
6769
6727
6787
7042
6921
6723
6771
6751
6729
7106
6986
7055
7027
7223
7017
6794
6973
7091
7166
6809
6893
6893
6800
7009
6816
7118
6900
7158
6920
6798
6692
6766
6669
6749
6726
7102
6817
7215
7128
7064
7007
6886
6815
6781
7004
6797
6719
6703
7298
7074
6767
6949
6997
6864
6990
7153
7064
6953
7161
6843
6959
6981
6987
7519
7015
6788
6822
6709
6828
6780
6827
6742
6945
6767
7025
6833
6751
7000
6926
6800
6760
6803
6746
6798
8169
6929
6785
6617
6876
7126
6865
6702
6905
6851
6964
6737
6836
6806
6764
7081
6822
6770
6685
6730
7027
7933
7243
104181
14895
7260
7176
7084
7115
7007
7825
7128
7106
7339
7270
7376
7300
7441
7249
7062
7168
7164
7357
10211
7286
7128
6980
6793
6758
6819
6791
6802
6739
6689
7111
7162
6937
6916
6815
6960
6864
7062
6786
6803
6976
7033
6779
6816
6659
6735
6817
6886
6669
6690
6717
6726
6814
7200
6802
6668
6851
6957
6760
6681
6724
7168
7804
7029
7025
7048
6833
6809
6819
6774
6757
6924
6997
7169
6848
6947
7007
6967
6877
7047
6809
6735
7023
6990
7455
6852
6993
6837
7160
6820
6808
6926
6830
6773
7146
7058
6819
10731
7932
6860
6787
7094
7292
6973
6915
7014
7528
7113
7223
6868
6984
6909
7124
6887
6860
6944
7258
6829
6755
6807
7075
7231
6837
6809
6974
6747
6765
7055
6948
7244
7055
6990
7229
6903
6840
13197
12427
11058
7162
7466
7649
7148
9975
7102
7018
7073
6800
6980
6911
6999
7063
6997
7402
6793
6957
6903
6976
6885
6824
7098
6842
7059
7000
6838
6774
6917
6920
7015
6790
6791
7400
6817
6912
6799
6733
6772
6843
6666
7133
6844
6827
6875
6943
6937
6923
7055
6818
7135
7020
7221
6859
6789
6871
7009
6866
7336
10193
7402
6902
6809
6964
6872
6704
6748
6786
6712
7010
6935
7116
7013
7474
7504
7426
6881
7200
8295
7137
7008
7360
6916
6893
6962
7011
6766
7124
6983
7216
7471
6821
6751
6755
6961
6899
6714
6931
6823
7326
6890
7278
7011
6764
6962
7114
7064
6867
7926
7107
7024
6845
6849
6967
7006
6880
6815
7080
6902
6816
6989
6964
6938
7014
7466
7078
6837
7087
7304
7119
7022
7016
6858
6952
6777
6870
6977
7000
7029
6880
6818
7395
6861
6857
6894
6750
6801
7280
7208
7038
6991
7261
6897
6854
6899
6785
6978
7385
6998
6814
6918
6931
6843
6993
6798
7320
6846
106897
13408
7667
7180
7050
7055
7075
10186
6910
7122
6873
6788
6736
7132
6824
6744
6977
7269
6859
6715
6945
6905
6751
6671
6691
6780
6741
6883
6762
6687
7089
7260
7148
6853
6783
6753
7264
6893
7094
7204
7124
6891
6903
6813
6781
7145
6969
6748
6767
6761
7203
6750
6841
7334
6942
6869
6822
6787
6708
6727
6875
6927
6859
6704
6765
6991
6882
6801
6972
7020
8671
6995
6747
6775
6784
7075
6833
6783
7257
7250
7092
7063
6895
6833
6741
6778
6735
6789
6766
7130
7013
8084
7333
7061
7159
6854
6883
6797
17328
8749
7124
6930
7030
7039
6877
7080
6989
7560
7002
6781
6734
6789
8063
7107
6934
6794
7259
6850
6752
7074
6957
7064
7185
7124
6785
6742
6899
7088
6808
6764
6837
6806
6733
7924
7503
6826
7010
7102
6790
6742
6872
7097
7358
6915
7281
7221
6936
6907
7129
7184
6788
6856
7029
6769
8139
7036
6779
6738
6947
7265
7135
6880
6777
6779
6822
6819
7133
6916
6836
6776
7001
6800
6804
6897
6743
8137
7357
6836
6751
7100
6893
6823
6769
6878
6778
6787
6804
6911
7571
6999
6874
7088
7228
6961
6859
6951
8216
7320
6881
7185
6936
6969
6942
6891
6793
12245
11434
7848
7171
7083
7090
7347
7458
7182
7213
7227
7122
8491
7318
7127
7728
7616
7322
7447
7231
7143
7198
7116
7057
7113
7482
7646
7226
7087
7074
7048
7425
7452
10273
6898
6867
7148
6799
6863
7317
6950
6787
6957
6780
6977
6807
6870
7058
6755
6775
7167
7058
6983
7281
7503
7065
6972
7349
7215
6838
6907
7004
6801
7124
6840
7052
6804
6959
6976
6989
7520
7140
6959
6816
6706
7177
7034
6834
6824
7044
6966
6983
7094
7162
7064
6905
7308
6932
6889
7056
7217
6942
7003
6810
6807
6929
6793
6850
6791
7214
7119
7010
7367
7105
7436
7151
7100
13666
7605
7242
6856
6762
6897
6923
6906
6777
6726
6755
7352
7067
6952
7172
7071
6875
7053
6997
6823
6741
7048
7628
7139
7067
6969
6815
7093
7000
6934
6980
6982
6928
6887
7043
6975
7002
7040
7477
7006
6852
7035
7033
6790
6911
6798
6857
7096
6849
6742
6900
6794
6818
6805
6994
6947
6841
6866
7132
7357
6864
6926
7891
6950
7065
6914
7013
6935
6975
7267
7415
7013
6809
6893
7094
7130
7160
7002
7242
6794
6972
7206
6815
7069
6843
7015
7039
6842
6925
6933
6811
6772
6791
6832
6821
7206
7053
7616
6857
6908
7027
7154
6935
6992
7229
6917
6836
6819
6745
10439
7515
6940
6744
6751
6777
7336
7083
7043
7000
6925
6990
6919
6786
6967
6951
7189
7385
7277
6977
6924
6789
6755
6770
7108
7134
7037
6797
6836
6953
6976
7029
7266
6846
7019
6968
7249
6830
6705
6800
6711
6809
7597
6875
6935
6968
7117
6939
6814
6766
6712
6803
6787
7319
6959
6853
6899
7085
6839
6870
6933
6958
6970
6928
7158
7171
6960
6787
6938
6824
6929
6920
7379
6805
7035
6904
6772
6741
6766
6783
6781
6914
7323
6879
6989
6795
7473
6847
6885
7258
6835
6965
6997
6841
6798
6757
7036
7136
6871
6778
6726
6792
7335
7162
6979
6977
6962
7095
7327
6891
99040
13950
12630
7431
7103
7111
7139
9967
6861
6741
7200
6869
7351
6969
7022
6759
6784
7059
6939
6855
7223
6768
7379
6965
6877
7032
6959
10493
7250
6975
7106
6777
6832
6857
7131
6924
6738
6755
6775
7119
6783
6729
6795
6760
7263
6772
6853
7031
6798
6881
7065
6793
6833
9922
7332
6782
6736
6694
6850
6793
6798
7240
6915
6819
6746
6886
7054
7076
7109
7017
7132
6990
6829
6805
6769
6818
6916
6802
6801
10636
7189
6791
6946
6708
6854
6738
6836
6907
9828
7241
7025
7007
7436
7177
7106
7087
7124
10949
7941
7129
8515
7220
7032
6774
6820
9944
7111
6751
7109
6769
6754
6921
6872
6847
6881
6879
6920
6922
7214
7020
6812
7883
6990
6923
6796
7005
6940
7263
6861
6800
6814
10199
7130
6728
6980
6750
7265
6843
6981
6898
6810
6842
8199
7176
6890
6738
7146
6877
6879
6901
6890
6852
6844
7267
6794
6769
6814
10007
7349
6768
6905
7052
7238
8061
7063
6819
6875
6784
6837
6705
6683
6742
6860
6752
6888
6716
7072
6998
6839
6876
6787
6796
6727
10332
8176
6965
6751
6738
6915
6894
6899
6848
6790
7024
6769
8316
6883
6825
6733
6804
7137
6791
6741
10945
7370
8039
7086
6750
7092
10235
7309
6739
6931
6756
6900
6769
6759
6860
6922
6973
6777
6766
7235
6788
6980
6771
8111
6933
6762
7134
6869
6933
6798
6740
6815
9979
7414
6827
6793
6730
6739
6756
6874
6933
6767
6758
6813
7964
6899
6816
6736
7117
7050
6840
6750
6884
6910
6975
6782
6801
7167
10035
7223
6763
7040
6824
6804
6878
8011
6955
6786
6766
7131
6734
6909
6914
6798
6865
6806
6803
6858
6787
6850
6865
7383
6806
6987
10304
13957
15830
7329
7385
7077
7177
7261
7132
7113
7139
7214
11054
8249
7318
7152
7142
7065
7114
7169
7433
7153
7180
8549
7379
7609
10688
7582
7078
7054
7071
7228
7693
7400
7176
7126
7223
7209
7230
7614
7319
7158
7084
7122
7630
7163
7084
7163
9913
7244
6731
7035
7209
6860
6810
6821
6763
6843
7124
6869
7230
7113
78771
13368
13768
7548
7215
7318
7323
10112
7005
6770
6769
6788
6791
6764
7007
6914
6954
7547
6869
7299
6955
6790
7281
6866
6777
6762
7096
6878
7314
7018
7124
6923
6844
6753
6818
6737
6841
7506
6893
7175
6776
6763
6723
6983
6974
7039
7146
6804
8567
7011
7012
6890
7054
7081
7065
7050
7324
7151
7040
7137
7007
7253
7124
7006
6941
6990
7342
6889
6977
6931
7795
7092
7066
7457
7044
6966
6986
7292
6860
7112
7354
6891
6966
7063
7143
6919
7676
7058
7247
6990
6821
6941
7080
7078
7349
7312
6863
6878
7185
6928
6879
7268
7589
7275
6821
7067
6894
6926
7122
7118
7205
7349
6829
6855
7158
7000
6998
7139
7229
7330
7157
6866
6825
6835
6846
6907
7088
7184
7049
6823
6775
7017
6986
7057
6940
6889
7077
7146
6924
7373
7599
6946
7007
7084
6879
6883
7305
6900
7095
7201
7125
7291
6904
6863
7014
10793
7335
6916
7256
6910
6919
6898
6862
6825
6786
6777
6769
6916
6914
6847
7328
7262
6845
6892
7331
7030
6778
7314
6971
7315
7036
7228
6920
7081
6932
7123
7184
7267
6863
7064
7195
6817
6968
6869
6862
6944
7132
6836
6889
6734
6987
6757
7158
7054
6854
6793
6800
6786
7200
6988
7353
7389
7021
6961
6748
7132
7148
6779
