3.0782e-05
1.1806e-05
8.002e-06
8.181e-06
7.754e-06
7.715e-06
7.568e-06
7.559e-06
7.51e-06
7.499e-06
7.507e-06
7.359e-06
7.552e-06
7.495e-06
7.503e-06
7.374e-06
7.783e-06
7.423e-06
7.953e-06
7.623e-06
7.442e-06
8.493e-06
7.595e-06
7.889e-06
7.531e-06
7.864e-06
7.892e-06
7.89e-06
7.61e-06
8.188e-06
7.918e-06
7.816e-06
7.752e-06
7.846e-06
7.736e-06
7.556e-06
7.753e-06
7.913e-06
7.612e-06
7.518e-06
7.493e-06
7.438e-06
7.469e-06
7.845e-06
8.143e-06
7.771e-06
8.872e-06
7.898e-06
7.579e-06
7.421e-06
7.471e-06
7.328e-06
7.892e-06
7.555e-06
7.906e-06
7.453e-06
7.391e-06
7.523e-06
7.527e-06
8.115e-06
7.514e-06
7.358e-06
7.781e-06
7.506e-06
7.831e-06
7.774e-06
7.862e-06
7.53e-06
7.37e-06
7.587e-06
8.133e-06
8.105e-06
7.909e-06
8.04e-06
8.645e-06
7.631e-06
7.646e-06
7.528e-06
7.468e-06
7.477e-06
7.564e-06
7.588e-06
7.918e-06
7.954e-06
8.012e-06
8.31e-06
7.98e-06
7.559e-06
7.917e-06
7.596e-06
7.775e-06
7.672e-06
8.321e-06
7.541e-06
7.437e-06
7.751e-06
7.476e-06
7.536e-06
7.563e-06
7.734e-06
7.719e-06
8.411e-06
7.58e-06
7.877e-06
7.986e-06
7.649e-06
7.512e-06
7.865e-06
8.671e-06
8.063e-06
7.557e-06
7.664e-06
7.63e-06
7.412e-06
7.432e-06
7.883e-06
7.501e-06
7.416e-06
7.858e-06
7.744e-06
7.436e-06
7.56e-06
7.403e-06
7.548e-06
7.795e-06
8.125e-06
7.527e-06
7.953e-06
7.744e-06
8.176e-06
7.62e-06
7.447e-06
7.382e-06
7.998e-06
7.74e-06
7.674e-06
8.738e-06
8.073e-06
7.696e-06
7.47e-06
7.496e-06
7.459e-06
7.416e-06
7.513e-06
7.384e-06
7.533e-06
7.678e-06
7.42e-06
7.437e-06
7.447e-06
7.708e-06
7.664e-06
7.942e-06
8.281e-06
7.543e-06
8.127e-06
7.445e-06
7.98e-06
7.989e-06
7.565e-06
7.478e-06
8.215e-06
7.79e-06
7.727e-06
7.792e-06
7.522e-06
7.344e-06
7.725e-06
8.044e-06
8.024e-06
7.744e-06
7.795e-06
7.851e-06
9.262e-06
8.187e-06
7.518e-06
7.521e-06
7.558e-06
7.93e-06
7.642e-06
7.712e-06
7.493e-06
7.662e-06
7.839e-06
7.786e-06
7.495e-06
7.44e-06
7.767e-06
7.559e-06
7.388e-06
8.293e-06
7.787e-06
7.813e-06
7.494e-06
7.651e-06
7.711e-06
7.919e-06
7.46e-06
7.567e-06
7.368e-06
7.476e-06
7.43e-06
7.4e-06
7.382e-06
7.474e-06
7.404e-06
7.341e-06
8.178e-06
7.423e-06
7.817e-06
7.465e-06
7.362e-06
7.708e-06
7.456e-06
7.43e-06
7.814e-06
8.996e-06
8.163e-06
7.88e-06
7.362e-06
7.415e-06
7.63e-06
7.463e-06
7.572e-06
7.561e-06
7.375e-06
7.877e-06
7.603e-06
7.81e-06
7.952e-06
7.808e-06
7.818e-06
7.646e-06
7.566e-06
8.264e-06
7.751e-06
7.9e-06
7.274e-06
7.489e-06
7.333e-06
7.379e-06
7.649e-06
7.621e-06
7.856e-06
7.661e-06
7.543e-06
7.659e-06
7.56e-06
7.495e-06
7.745e-06
7.305e-06
8.648e-06
7.399e-06
8.168e-06
7.44e-06
7.832e-06
7.772e-06
7.786e-06
7.486e-06
7.708e-06
7.648e-06
6.6814e-05
8.105e-06
7.716e-06
7.461e-06
7.534e-06
7.372e-06
7.404e-06
7.368e-06
7.357e-06
7.399e-06
7.487e-06
7.401e-06
8.377e-06
7.65e-06
7.832e-06
8.03e-06
8.115e-06
7.516e-06
7.811e-06
7.662e-06
8.609e-06
7.645e-06
7.777e-06
7.514e-06
7.485e-06
7.412e-06
7.421e-06
7.386e-06
7.365e-06
7.398e-06
7.47e-06
7.293e-06
7.273e-06
7.351e-06
7.908e-06
7.808e-06
7.353e-06
7.234e-06
8.555e-06
7.491e-06
7.957e-06
7.715e-06
7.57e-06
8.012e-06
7.625e-06
7.745e-06
7.751e-06
7.745e-06
8.046e-06
8.057e-06
7.758e-06
7.648e-06
7.34e-06
7.42e-06
7.305e-06
7.313e-06
7.591e-06
8.225e-06
9.672e-06
7.572e-06
7.289e-06
7.715e-06
7.787e-06
7.623e-06
7.87e-06
7.511e-06
7.295e-06
8.121e-06
7.417e-06
7.389e-06
7.711e-06
7.405e-06
7.972e-06
7.652e-06
7.437e-06
7.323e-06
7.272e-06
7.581e-06
7.911e-06
8.91e-06
8.147e-06
7.585e-06
7.781e-06
1.0205e-05
7.744e-06
7.351e-06
7.388e-06
8.355e-06
7.711e-06
7.635e-06
7.352e-06
7.875e-06
7.406e-06
7.74e-06
7.765e-06
7.592e-06
7.468e-06
7.379e-06
7.261e-06
7.262e-06
8.897e-06
7.583e-06
7.302e-06
7.795e-06
7.424e-06
7.441e-06
7.812e-06
7.351e-06
7.52e-06
7.382e-06
7.411e-06
7.658e-06
7.396e-06
7.907e-06
7.946e-06
7.64e-06
7.637e-06
7.428e-06
7.614e-06
7.338e-06
7.289e-06
8.727e-06
7.477e-06
7.731e-06
7.501e-06
7.347e-06
7.379e-06
7.3e-06
7.287e-06
7.34e-06
7.375e-06
7.831e-06
7.603e-06
7.798e-06
7.422e-06
7.579e-06
7.429e-06
7.866e-06
7.398e-06
7.295e-06
7.968e-06
7.643e-06
8.907e-06
7.579e-06
7.777e-06
7.463e-06
7.301e-06
7.409e-06
7.556e-06
7.828e-06
7.364e-06
7.396e-06
7.289e-06
9.857e-06
7.674e-06
7.5e-06
7.391e-06
7.493e-06
8.354e-06
7.906e-06
7.715e-06
7.901e-06
7.786e-06
9.102e-06
7.662e-06
7.923e-06
7.736e-06
1.2326e-05
8.04e-06
7.482e-06
7.438e-06
7.339e-06
8.096e-06
7.678e-06
8.054e-06
7.672e-06
7.857e-06
7.699e-06
7.488e-06
7.429e-06
8.08e-06
7.438e-06
7.351e-06
7.614e-06
9.044e-06
7.882e-06
7.581e-06
7.368e-06
8.136e-06
7.582e-06
7.7e-06
7.509e-06
7.689e-06
7.481e-06
7.39e-06
8.108e-06
7.48e-06
8.243e-06
7.714e-06
7.499e-06
7.405e-06
7.384e-06
7.478e-06
7.416e-06
7.846e-06
8.789e-06
7.462e-06
7.417e-06
7.347e-06
7.539e-06
7.503e-06
7.804e-06
7.693e-06
7.913e-06
7.488e-06
7.301e-06
7.748e-06
7.43e-06
7.493e-06
7.497e-06
7.473e-06
7.474e-06
7.48e-06
7.891e-06
7.456e-06
7.315e-06
8.967e-06
7.634e-06
7.528e-06
7.294e-06
8.243e-06
8.135e-06
7.703e-06
7.485e-06
7.49e-06
7.436e-06
7.351e-06
7.517e-06
7.379e-06
7.37e-06
8.112e-06
7.859e-06
7.723e-06
7.474e-06
7.421e-06
7.364e-06
7.677e-06
9.672e-06
7.693e-06
7.466e-06
7.438e-06
7.847e-06
7.54e-06
7.586e-06
7.48e-06
6.4607e-05
8.305e-06
7.53e-06
7.37e-06
7.435e-06
7.371e-06
7.72e-06
8.163e-06
7.497e-06
7.395e-06
7.815e-06
8.016e-06
7.353e-06
8.794e-06
7.562e-06
7.45e-06
7.687e-06
8.02e-06
7.62e-06
7.393e-06
7.351e-06
7.661e-06
7.528e-06
7.356e-06
7.313e-06
8.242e-06
7.777e-06
7.455e-06
7.384e-06
7.444e-06
7.373e-06
7.316e-06
7.32e-06
7.46e-06
8.993e-06
7.956e-06
7.748e-06
7.478e-06
7.677e-06
7.4e-06
7.451e-06
7.967e-06
7.616e-06
7.382e-06
7.436e-06
7.944e-06
7.483e-06
7.618e-06
7.465e-06
7.803e-06
7.397e-06
7.406e-06
7.734e-06
7.332e-06
8.399e-06
8.976e-06
7.855e-06
7.369e-06
7.535e-06
7.459e-06
7.453e-06
7.987e-06
7.553e-06
7.391e-06
7.415e-06
7.355e-06
7.749e-06
7.416e-06
7.318e-06
7.347e-06
8.373e-06
7.798e-06
7.71e-06
7.641e-06
7.648e-06
7.839e-06
8.797e-06
7.702e-06
7.922e-06
7.399e-06
7.364e-06
7.336e-06
7.371e-06
7.374e-06
1.1575e-05
7.667e-06
7.475e-06
7.996e-06
7.786e-06
7.935e-06
7.407e-06
7.404e-06
7.493e-06
7.392e-06
7.816e-06
7.421e-06
8.091e-06
8.748e-06
7.62e-06
7.421e-06
7.368e-06
7.387e-06
7.457e-06
7.535e-06
7.412e-06
7.33e-06
7.346e-06
7.322e-06
7.247e-06
7.31e-06
7.397e-06
7.369e-06
7.407e-06
7.428e-06
8.406e-06
7.792e-06
7.76e-06
7.447e-06
9.002e-06
7.865e-06
7.798e-06
7.87e-06
8.037e-06
7.701e-06
7.546e-06
7.709e-06
7.474e-06
7.283e-06
7.406e-06
7.386e-06
7.43e-06
7.604e-06
7.426e-06
7.323e-06
7.976e-06
7.523e-06
7.665e-06
7.432e-06
7.328e-06
8.97e-06
7.597e-06
7.827e-06
7.418e-06
7.831e-06
7.567e-06
7.617e-06
7.529e-06
7.393e-06
7.405e-06
7.782e-06
7.389e-06
7.435e-06
7.491e-06
7.76e-06
7.513e-06
7.41e-06
7.429e-06
7.457e-06
7.512e-06
7.33e-06
8.774e-06
7.646e-06
7.562e-06
7.42e-06
7.5e-06
7.78e-06
7.53e-06
7.378e-06
7.426e-06
7.321e-06
7.836e-06
7.546e-06
7.383e-06
8.13e-06
7.438e-06
7.427e-06
7.287e-06
7.45e-06
7.388e-06
7.8e-06
7.396e-06
8.834e-06
7.497e-06
7.75e-06
7.391e-06
7.441e-06
7.45e-06
7.357e-06
7.455e-06
7.353e-06
7.383e-06
7.299e-06
7.409e-06
7.305e-06
7.668e-06
7.42e-06
7.362e-06
7.446e-06
7.847e-06
8.155e-06
7.446e-06
7.731e-06
8.884e-06
8.053e-06
7.533e-06
7.88e-06
8.299e-06
7.56e-06
7.454e-06
7.779e-06
7.384e-06
7.488e-06
7.54e-06
7.86e-06
7.531e-06
7.4e-06
7.447e-06
7.51e-06
7.933e-06
7.41e-06
7.44e-06
7.381e-06
7.529e-06
9.352e-06
8.162e-06
7.391e-06
7.521e-06
7.814e-06
7.898e-06
7.559e-06
7.506e-06
7.587e-06
7.763e-06
7.391e-06
7.421e-06
7.748e-06
7.566e-06
7.506e-06
7.554e-06
7.467e-06
1.2248e-05
7.816e-06
7.966e-06
7.505e-06
8.585e-06
7.566e-06
7.379e-06
7.383e-06
7.412e-06
7.397e-06
7.355e-06
7.586e-06
7.456e-06
7.284e-06
7.475e-06
7.513e-06
7.437e-06
7.416e-06
7.319e-06
7.235e-06
7.278e-06
9.054e-06
1.3833e-05
8.026e-06
7.29e-06
8.76e-06
1.1951e-05
7.903e-06
7.332e-06
7.803e-06
7.385e-06
7.215e-06
7.291e-06
7.44e-06
7.332e-06
7.21e-06
8.075e-06
7.922e-06
7.766e-06
7.401e-06
7.28e-06
7.361e-06
7.449e-06
8.21e-06
7.462e-06
7.298e-06
8.966e-06
7.567e-06
7.304e-06
7.272e-06
7.169e-06
7.48e-06
1.1661e-05
7.836e-06
8.096e-06
7.579e-06
7.491e-06
7.232e-06
7.171e-06
7.227e-06
7.303e-06
7.669e-06
7.408e-06
7.207e-06
7.855e-06
7.312e-06
7.85e-06
8.695e-06
7.698e-06
7.358e-06
7.213e-06
7.316e-06
7.366e-06
7.423e-06
9.178e-06
7.531e-06
7.439e-06
7.386e-06
1.1999e-05
7.694e-06
7.26e-06
7.759e-06
7.273e-06
7.353e-06
7.226e-06
8.036e-06
7.585e-06
7.435e-06
1.2341e-05
7.512e-06
7.198e-06
7.264e-06
7.471e-06
7.669e-06
7.55e-06
7.453e-06
7.702e-06
7.258e-06
7.814e-06
7.382e-06
1.2076e-05
7.862e-06
7.221e-06
7.222e-06
1.1457e-05
7.611e-06
7.305e-06
7.283e-06
7.316e-06
8.705e-06
7.342e-06
7.217e-06
7.846e-06
7.367e-06
7.397e-06
7.619e-06
7.323e-06
7.266e-06
7.506e-06
7.813e-06
7.617e-06
7.287e-06
7.364e-06
7.378e-06
7.328e-06
7.211e-06
7.254e-06
7.236e-06
7.787e-06
7.215e-06
1.1916e-05
7.591e-06
7.743e-06
7.422e-06
7.147e-06
8.308e-06
7.386e-06
7.294e-06
7.709e-06
7.562e-06
7.32e-06
7.251e-06
7.303e-06
7.3e-06
7.255e-06
7.589e-06
7.468e-06
7.208e-06
7.945e-06
7.383e-06
7.455e-06
8.925e-06
7.484e-06
7.62e-06
7.48e-06
7.321e-06
1.1433e-05
8.373e-06
7.357e-06
7.283e-06
7.461e-06
7.26e-06
7.364e-06
7.319e-06
7.367e-06
7.435e-06
7.848e-06
7.319e-06
7.485e-06
7.318e-06
7.3e-06
7.237e-06
8.478e-06
7.42e-06
7.511e-06
7.248e-06
7.209e-06
7.371e-06
7.479e-06
7.744e-06
7.332e-06
7.224e-06
1.1306e-05
8.375e-06
7.655e-06
8.028e-06
7.32e-06
7.226e-06
7.474e-06
7.225e-06
7.721e-06
7.255e-06
7.103e-06
8.973e-06
7.357e-06
7.313e-06
7.328e-06
7.266e-06
7.27e-06
7.494e-06
7.372e-06
7.248e-06
7.771e-06
7.302e-06
7.266e-06
7.469e-06
7.265e-06
7.32e-06
1.1141e-05
7.669e-06
7.369e-06
7.263e-06
7.355e-06
7.28e-06
8.939e-06
7.424e-06
7.256e-06
7.241e-06
7.361e-06
7.296e-06
7.567e-06
7.292e-06
7.885e-06
7.593e-06
7.488e-06
7.253e-06
7.353e-06
7.145e-06
7.369e-06
7.532e-06
7.433e-06
8.116e-06
7.638e-06
7.244e-06
1.1232e-05
8.854e-06
7.598e-06
7.613e-06
7.568e-06
7.647e-06
7.676e-06
7.908e-06
7.561e-06
7.445e-06
7.244e-06
7.365e-06
7.201e-06
7.315e-06
7.132e-06
7.285e-06
7.267e-06
7.416e-06
7.205e-06
7.279e-06
7.342e-06
7.479e-06
8.551e-06
7.435e-06
7.248e-06
7.299e-06
1.1724e-05
7.885e-06
8.265e-06
7.42e-06
7.195e-06
7.63e-06
7.335e-06
7.257e-06
7.474e-06
7.685e-06
7.405e-06
7.873e-06
7.279e-06
1.389e-05
7.587e-06
7.298e-06
7.701e-06
8.822e-06
8.013e-06
7.355e-06
7.788e-06
7.47e-06
7.319e-06
7.362e-06
7.289e-06
7.289e-06
1.157e-05
7.752e-06
7.244e-06
7.291e-06
8.024e-06
7.518e-06
7.195e-06
7.121e-06
7.466e-06
7.377e-06
7.222e-06
7.173e-06
8.847e-06
7.617e-06
7.375e-06
7.763e-06
7.385e-06
7.484e-06
7.344e-06
7.309e-06
7.312e-06
7.244e-06
7.21e-06
7.183e-06
7.222e-06
7.651e-06
1.126e-05
7.641e-06
7.305e-06
7.305e-06
7.178e-06
7.257e-06
7.11e-06
8.809e-06
7.446e-06
7.344e-06
7.304e-06
7.28e-06
7.305e-06
7.278e-06
7.22e-06
7.454e-06
8.039e-06
7.423e-06
7.175e-06
7.476e-06
7.369e-06
7.305e-06
7.507e-06
7.704e-06
7.681e-06
7.252e-06
1.1465e-05
7.794e-06
8.657e-06
7.42e-06
7.183e-06
7.758e-06
7.318e-06
7.694e-06
7.32e-06
7.406e-06
7.202e-06
7.205e-06
7.278e-06
7.4e-06
7.27e-06
7.195e-06
7.188e-06
7.254e-06
7.737e-06
7.263e-06
7.121e-06
7.3e-06
7.305e-06
1.3242e-05
8.173e-06
7.911e-06
1.1456e-05
7.771e-06
7.387e-06
7.352e-06
7.277e-06
7.258e-06
7.407e-06
7.646e-06
7.351e-06
7.494e-06
7.34e-06
7.231e-06
7.214e-06
7.297e-06
7.339e-06
7.205e-06
7.333e-06
7.39e-06
8.58e-06
7.332e-06
7.269e-06
7.321e-06
7.3e-06
7.369e-06
7.211e-06
7.212e-06
1.136e-05
7.698e-06
7.398e-06
7.173e-06
7.374e-06
7.325e-06
7.334e-06
7.793e-06
7.348e-06
7.281e-06
7.227e-06
7.461e-06
7.307e-06
8.517e-06
7.4e-06
7.328e-06
7.393e-06
7.354e-06
7.37e-06
7.319e-06
7.278e-06
7.383e-06
7.85e-06
7.592e-06
7.39e-06
7.34e-06
1.1194e-05
7.842e-06
7.383e-06
7.231e-06
7.231e-06
7.257e-06
7.213e-06
7.334e-06
8.89e-06
7.481e-06
7.222e-06
7.142e-06
7.145e-06
7.4e-06
7.297e-06
7.39e-06
7.234e-06
7.268e-06
8.814e-06
7.401e-06
7.21e-06
7.305e-06
7.32e-06
7.191e-06
7.185e-06
7.327e-06
1.114e-05
7.714e-06
7.256e-06
8.519e-06
7.402e-06
7.235e-06
7.162e-06
7.441e-06
9.717e-06
7.471e-06
7.341e-06
7.302e-06
7.355e-06
7.417e-06
7.25e-06
7.258e-06
7.254e-06
7.357e-06
7.257e-06
7.257e-06
7.263e-06
7.354e-06
7.281e-06
7.214e-06
1.0036e-05
7.557e-06
1.1127e-05
7.68e-06
7.388e-06
7.383e-06
7.417e-06
7.291e-06
7.258e-06
7.158e-06
7.202e-06
7.381e-06
7.303e-06
7.235e-06
7.238e-06
7.289e-06
7.323e-06
7.276e-06
7.326e-06
7.313e-06
9.253e-06
8.953e-06
7.432e-06
7.371e-06
7.219e-06
7.32e-06
7.406e-06
7.521e-06
1.1532e-05
7.648e-06
7.367e-06
7.38e-06
8.911e-06
7.424e-06
7.263e-06
7.216e-06
7.275e-06
7.249e-06
7.18e-06
7.227e-06
7.217e-06
7.282e-06
8.482e-06
7.355e-06
7.307e-06
7.253e-06
7.176e-06
7.315e-06
7.259e-06
7.206e-06
7.203e-06
7.169e-06
7.293e-06
7.169e-06
1.1202e-05
7.598e-06
7.274e-06
7.283e-06
7.194e-06
7.302e-06
7.227e-06
7.34e-06
7.354e-06
8.748e-06
8.746e-06
7.584e-06
7.225e-06
7.286e-06
7.309e-06
7.334e-06
8.34e-06
7.467e-06
7.334e-06
7.2e-06
7.272e-06
7.268e-06
7.235e-06
7.307e-06
7.211e-06
7.163e-06
7.783e-06
7.364e-06
7.274e-06
7.356e-06
8.198e-06
7.364e-06
7.551e-06
7.518e-06
7.58e-06
7.471e-06
7.483e-06
7.524e-06
7.295e-06
7.318e-06
7.504e-06
7.331e-06
7.761e-06
7.469e-06
7.373e-06
7.294e-06
8.153e-06
7.675e-06
7.639e-06
7.524e-06
7.45e-06
7.49e-06
7.31e-06
7.273e-06
7.674e-06
7.565e-06
7.604e-06
7.53e-06
7.345e-06
7.197e-06
7.255e-06
7.47e-06
7.266e-06
7.289e-06
7.549e-06
7.616e-06
7.338e-06
8.31e-06
7.493e-06
7.325e-06
7.309e-06
7.669e-06
7.393e-06
7.353e-06
7.267e-06
7.626e-06
7.56e-06
7.409e-06
7.378e-06
7.248e-06
7.636e-06
7.318e-06
7.275e-06
7.247e-06
7.216e-06
7.856e-06
7.436e-06
7.601e-06
7.314e-06
7.664e-06
7.532e-06
7.36e-06
7.35e-06
7.284e-06
7.36e-06
7.301e-06
7.331e-06
7.64e-06
7.68e-06
7.543e-06
7.538e-06
7.382e-06
7.532e-06
7.972e-06
7.409e-06
1.1598e-05
8.131e-06
7.546e-06
7.502e-06
7.316e-06
7.682e-06
7.435e-06
7.494e-06
7.498e-06
7.474e-06
7.517e-06
7.207e-06
7.347e-06
7.927e-06
7.889e-06
7.427e-06
7.701e-06
7.856e-06
7.465e-06
7.344e-06
7.433e-06
7.293e-06
7.705e-06
7.721e-06
7.85e-06
7.349e-06
7.665e-06
7.595e-06
7.408e-06
7.677e-06
7.387e-06
7.467e-06
7.53e-06
8.04e-06
7.18e-06
7.897e-06
7.412e-06
7.476e-06
7.304e-06
7.645e-06
7.347e-06
7.292e-06
7.243e-06
7.241e-06
7.739e-06
7.539e-06
7.219e-06
7.256e-06
7.316e-06
7.541e-06
7.487e-06
7.292e-06
7.668e-06
7.556e-06
7.559e-06
7.285e-06
7.296e-06
7.476e-06
7.536e-06
7.575e-06
7.59e-06
7.752e-06
8.658e-06
7.769e-06
7.354e-06
7.315e-06
7.453e-06
7.262e-06
7.491e-06
7.771e-06
7.501e-06
7.367e-06
7.869e-06
7.535e-06
7.509e-06
7.361e-06
7.694e-06
7.574e-06
7.531e-06
7.482e-06
7.674e-06
7.75e-06
7.534e-06
7.813e-06
7.883e-06
7.305e-06
7.346e-06
7.476e-06
7.301e-06
7.406e-06
1.1535e-05
7.501e-06
7.369e-06
7.992e-06
7.446e-06
7.663e-06
7.461e-06
7.492e-06
7.316e-06
7.257e-06
7.366e-06
7.471e-06
8.017e-06
7.279e-06
7.468e-06
7.697e-06
7.498e-06
7.628e-06
7.322e-06
7.703e-06
7.501e-06
7.639e-06
7.23e-06
7.699e-06
7.51e-06
7.329e-06
7.451e-06
7.704e-06
7.88e-06
7.319e-06
7.38e-06
7.345e-06
7.295e-06
7.188e-06
7.291e-06
7.187e-06
7.461e-06
7.413e-06
7.476e-06
7.428e-06
7.329e-06
7.223e-06
7.21e-06
7.636e-06
7.266e-06
7.208e-06
7.366e-06
8.434e-06
7.691e-06
7.363e-06
7.341e-06
7.33e-06
7.363e-06
7.427e-06
7.437e-06
7.261e-06
7.704e-06
7.432e-06
7.778e-06
8.096e-06
7.76e-06
7.419e-06
7.369e-06
7.586e-06
9.036e-06
7.502e-06
7.687e-06
7.797e-06
7.42e-06
7.433e-06
7.403e-06
7.305e-06
7.548e-06
7.899e-06
7.813e-06
7.371e-06
7.637e-06
7.386e-06
7.326e-06
7.442e-06
7.53e-06
9.153e-06
7.453e-06
7.274e-06
7.755e-06
8.623e-06
1.1231e-05
7.756e-06
7.44e-06
1.4974e-05
7.967e-06
7.323e-06
7.141e-06
7.341e-06
7.294e-06
7.235e-06
7.272e-06
7.231e-06
7.193e-06
7.201e-06
7.346e-06
7.296e-06
7.273e-06
7.309e-06
7.21e-06
7.317e-06
8.793e-06
7.418e-06
7.355e-06
7.348e-06
7.195e-06
7.223e-06
1.105e-05
9.073e-06
7.485e-06
7.23e-06
7.14e-06
7.43e-06
7.352e-06
7.278e-06
7.304e-06
7.203e-06
7.292e-06
7.166e-06
7.238e-06
7.255e-06
7.158e-06
8.613e-06
7.349e-06
7.198e-06
7.406e-06
7.157e-06
7.292e-06
7.418e-06
7.337e-06
7.374e-06
7.369e-06
7.322e-06
1.1153e-05
7.653e-06
7.228e-06
7.292e-06
7.239e-06
7.412e-06
7.224e-06
8.805e-06
7.389e-06
7.212e-06
8.474e-06
7.393e-06
7.233e-06
7.359e-06
7.177e-06
7.353e-06
7.173e-06
7.37e-06
7.329e-06
7.367e-06
7.37e-06
7.231e-06
7.241e-06
7.23e-06
7.19e-06
7.333e-06
1.1284e-05
7.625e-06
7.242e-06
7.361e-06
7.356e-06
8.736e-06
7.41e-06
7.376e-06
7.296e-06
7.354e-06
7.439e-06
7.41e-06
7.406e-06
8.929e-06
1.2067e-05
7.692e-06
7.276e-06
7.292e-06
7.268e-06
7.167e-06
7.112e-06
9.295e-06
7.58e-06
7.249e-06
7.414e-06
7.298e-06
1.2156e-05
7.67e-06
7.443e-06
7.244e-06
7.33e-06
7.494e-06
7.387e-06
7.336e-06
7.334e-06
7.263e-06
7.263e-06
7.221e-06
7.235e-06
7.469e-06
7.29e-06
7.347e-06
7.351e-06
7.335e-06
7.221e-06
9.811e-06
7.452e-06
8.449e-06
7.371e-06
7.29e-06
7.421e-06
7.448e-06
1.0981e-05
7.795e-06
7.302e-06
7.311e-06
7.316e-06
7.302e-06
7.441e-06
7.275e-06
7.229e-06
7.23e-06
7.257e-06
7.364e-06
7.296e-06
7.321e-06
7.29e-06
7.332e-06
8.571e-06
7.377e-06
7.292e-06
7.457e-06
7.454e-06
7.395e-06
7.29e-06
7.337e-06
7.247e-06
8.985e-06
1.1193e-05
7.695e-06
7.298e-06
7.286e-06
7.219e-06
7.392e-06
7.277e-06
7.416e-06
7.262e-06
7.276e-06
7.383e-06
9.217e-06
1.1155e-05
7.109e-06
6.946e-06
7.037e-06
6.929e-06
6.923e-06
7.019e-06
6.969e-06
6.918e-06
6.967e-06
7.035e-06
1.1681e-05
7.694e-06
6.935e-06
1.1217e-05
7.314e-06
6.859e-06
6.853e-06
6.851e-06
8.702e-06
8.256e-06
6.997e-06
6.953e-06
6.985e-06
6.898e-06
6.85e-06
6.923e-06
6.896e-06
6.948e-06
7.015e-06
6.887e-06
6.875e-06
6.954e-06
6.844e-06
6.894e-06
6.863e-06
6.964e-06
6.861e-06
6.934e-06
6.849e-06
1.0982e-05
8.387e-06
7.049e-06
6.859e-06
6.837e-06
6.843e-06
6.868e-06
6.908e-06
6.938e-06
6.874e-06
6.874e-06
8.511e-06
7.114e-06
6.794e-06
6.913e-06
6.995e-06
6.94e-06
6.922e-06
6.94e-06
6.782e-06
6.843e-06
6.924e-06
8.162e-06
7.14e-06
6.849e-06
6.838e-06
1.0669e-05
7.251e-06
7.047e-06
6.859e-06
6.842e-06
6.98e-06
6.987e-06
6.851e-06
6.831e-06
6.918e-06
6.944e-06
6.812e-06
6.827e-06
6.892e-06
6.971e-06
7.023e-06
6.908e-06
9.505e-06
7.159e-06
6.812e-06
6.822e-06
6.941e-06
7.055e-06
6.903e-06
7.071e-06
6.827e-06
1.088e-05
7.355e-06
6.874e-06
6.871e-06
6.814e-06
6.803e-06
6.772e-06
7.65e-06
7.278e-06
7.208e-06
7.257e-06
8.185e-06
8.799e-06
7.318e-06
7.209e-06
7.332e-06
7.25e-06
7.248e-06
7.051e-06
6.9e-06
6.89e-06
6.966e-06
6.839e-06
8.62e-06
7.096e-06
6.812e-06
1.0371e-05
7.271e-06
6.948e-06
6.872e-06
6.878e-06
6.929e-06
6.975e-06
9.535e-06
7.137e-06
6.875e-06
6.855e-06
6.894e-06
7.11e-06
6.975e-06
6.951e-06
6.948e-06
7.178e-06
6.825e-06
6.991e-06
7e-06
7.006e-06
6.926e-06
6.984e-06
6.924e-06
7.066e-06
6.828e-06
1.0579e-05
7.35e-06
8.376e-06
8.557e-06
7.13e-06
6.835e-06
6.991e-06
7.058e-06
7.033e-06
6.97e-06
6.984e-06
6.855e-06
7.003e-06
6.916e-06
7.011e-06
6.808e-06
6.861e-06
6.957e-06
6.912e-06
6.841e-06
6.911e-06
7.061e-06
7.04e-06
8.436e-06
7.233e-06
6.806e-06
1.584e-05
7.665e-06
7.027e-06
7.027e-06
6.928e-06
7.095e-06
6.851e-06
6.858e-06
7.031e-06
8.363e-06
7.049e-06
6.787e-06
6.853e-06
6.971e-06
7.044e-06
6.856e-06
6.886e-06
6.966e-06
8.506e-06
7.08e-06
6.917e-06
1.4278e-05
1.2498e-05
7.329e-06
7.136e-06
7.218e-06
1.9065e-05
7.875e-06
7.072e-06
6.909e-06
7.043e-06
7.027e-06
7.018e-06
6.895e-06
7.059e-06
7.093e-06
7.045e-06
6.944e-06
6.844e-06
8.248e-06
7.049e-06
8.383e-06
7.094e-06
6.945e-06
6.962e-06
6.955e-06
7.049e-06
6.98e-06
7.085e-06
6.905e-06
6.892e-06
6.833e-06
1.5648e-05
7.765e-06
6.928e-06
6.931e-06
6.878e-06
6.858e-06
6.875e-06
6.869e-06
8.31e-06
7.089e-06
6.852e-06
7.14e-06
6.936e-06
6.899e-06
6.906e-06
7.031e-06
6.948e-06
7.03e-06
6.891e-06
6.901e-06
6.979e-06
8.752e-06
7.135e-06
7.024e-06
6.989e-06
6.976e-06
1.0531e-05
7.437e-06
6.96e-06
8.335e-06
7.059e-06
6.868e-06
7.101e-06
6.986e-06
7.132e-06
6.975e-06
6.985e-06
6.856e-06
7.017e-06
6.909e-06
6.984e-06
6.963e-06
6.922e-06
6.905e-06
6.912e-06
6.956e-06
7.053e-06
6.946e-06
7.133e-06
7.033e-06
8.305e-06
7.045e-06
2.0832e-05
9.525e-06
7.394e-06
7.016e-06
6.939e-06
7.031e-06
7.025e-06
6.914e-06
6.919e-06
7.001e-06
6.903e-06
6.96e-06
6.897e-06
7.039e-06
6.833e-06
7.024e-06
7.051e-06
6.99e-06
6.911e-06
8.296e-06
7.067e-06
7.06e-06
6.971e-06
6.979e-06
7.034e-06
7.026e-06
1.0757e-05
7.448e-06
6.965e-06
6.943e-06
6.85e-06
6.915e-06
6.939e-06
8.702e-06
7.171e-06
6.99e-06
6.903e-06
6.835e-06
6.858e-06
6.888e-06
8.122e-06
7.07e-06
6.903e-06
6.985e-06
6.908e-06
7.066e-06
6.941e-06
6.964e-06
6.989e-06
6.89e-06
6.977e-06
6.891e-06
1.4907e-05
7.752e-06
7.19e-06
7.025e-06
7.001e-06
6.899e-06
6.837e-06
6.904e-06
6.975e-06
8.465e-06
7.045e-06
6.863e-06
6.904e-06
8.387e-06
7.112e-06
6.951e-06
6.952e-06
8.866e-06
7.179e-06
6.99e-06
7.036e-06
7.033e-06
7.017e-06
6.946e-06
6.983e-06
6.952e-06
1.5281e-05
1.4595e-05
1.2815e-05
1.9258e-05
1.0824e-05
7.65e-06
7.311e-06
7.338e-06
7.268e-06
7.35e-06
7.293e-06
7.242e-06
7.308e-06
7.326e-06
7.29e-06
7.3e-06
7.315e-06
7.272e-06
7.293e-06
8.891e-06
7.396e-06
7.201e-06
7.222e-06
7.229e-06
7.119e-06
8.562e-06
1.6005e-05
8.069e-06
7.265e-06
7.319e-06
7.281e-06
7.204e-06
7.36e-06
7.277e-06
7.353e-06
7.248e-06
7.151e-06
7.217e-06
7.38e-06
7.3e-06
7.202e-06
7.403e-06
7.195e-06
7.247e-06
7.215e-06
7.206e-06
8.695e-06
7.447e-06
7.44e-06
7.219e-06
7.169e-06
8.731e-06
1.5605e-05
8.149e-06
7.351e-06
7.435e-06
7.291e-06
7.349e-06
7.408e-06
7.269e-06
7.332e-06
7.35e-06
7.258e-06
7.38e-06
7.315e-06
7.29e-06
7.429e-06
8.727e-06
7.383e-06
7.262e-06
7.37e-06
7.269e-06
7.339e-06
7.322e-06
7.335e-06
7.206e-06
7.231e-06
7.164e-06
1.6036e-05
8.074e-06
7.296e-06
7.297e-06
7.19e-06
8.843e-06
7.33e-06
7.138e-06
7.274e-06
7.236e-06
8.58e-06
1.5691e-05
7.983e-06
7.311e-06
7.12e-06
7.224e-06
7.185e-06
7.124e-06
7.211e-06
7.213e-06
7.112e-06
7.206e-06
7.281e-06
7.258e-06
7.195e-06
7.259e-06
1.5667e-05
8.037e-06
7.319e-06
7.384e-06
7.195e-06
8.642e-06
7.457e-06
7.225e-06
7.303e-06
7.317e-06
7.303e-06
8.779e-06
7.491e-06
7.234e-06
7.258e-06
7.32e-06
7.296e-06
7.199e-06
7.187e-06
7.23e-06
7.318e-06
7.217e-06
7.255e-06
7.219e-06
7.191e-06
7.125e-06
1.1506e-05
7.725e-06
7.332e-06
7.26e-06
7.221e-06
7.377e-06
7.222e-06
7.254e-06
7.505e-06
7.182e-06
7.17e-06
7.33e-06
7.077e-06
7.247e-06
7.313e-06
7.359e-06
7.36e-06
8.972e-06
7.469e-06
7.216e-06
7.385e-06
8.653e-06
7.39e-06
7.325e-06
7.366e-06
7.36e-06
1.5724e-05
8.036e-06
7.426e-06
7.169e-06
7.166e-06
7.174e-06
7.354e-06
7.255e-06
7.274e-06
7.45e-06
7.285e-06
7.374e-06
7.295e-06
7.348e-06
7.152e-06
7.332e-06
8.824e-06
7.475e-06
7.206e-06
7.347e-06
7.242e-06
1.2498e-05
7.7e-06
9.114e-06
7.406e-06
7.177e-06
1.1111e-05
7.782e-06
7.314e-06
7.31e-06
7.272e-06
7.257e-06
7.335e-06
7.229e-06
7.263e-06
7.286e-06
7.475e-06
8.804e-06
7.44e-06
7.238e-06
7.316e-06
7.349e-06
7.436e-06
7.303e-06
7.287e-06
7.299e-06
7.337e-06
7.361e-06
7.356e-06
7.26e-06
7.254e-06
7.217e-06
1.1005e-05
7.687e-06
7.26e-06
8.738e-06
7.352e-06
7.114e-06
8.55e-06
7.438e-06
7.218e-06
7.425e-06
7.273e-06
7.318e-06
7.247e-06
7.202e-06
7.17e-06
7.231e-06
7.272e-06
7.239e-06
7.302e-06
7.245e-06
7.244e-06
7.298e-06
7.357e-06
7.441e-06
7.471e-06
7.272e-06
1.6654e-05
9.41e-06
7.463e-06
7.25e-06
7.256e-06
7.281e-06
7.245e-06
7.186e-06
7.191e-06
8.641e-06
7.298e-06
7.133e-06
7.371e-06
7.28e-06
7.215e-06
7.224e-06
7.18e-06
7.268e-06
7.302e-06
7.435e-06
7.231e-06
7.258e-06
8.883e-06
7.492e-06
7.311e-06
7.204e-06
1.599e-05
8.094e-06
7.464e-06
7.369e-06
1.2039e-05
7.929e-06
7.247e-06
7.329e-06
7.252e-06
7.167e-06
7.323e-06
7.175e-06
7.348e-06
7.258e-06
7.355e-06
8.975e-06
7.303e-06
8.514e-06
7.368e-06
7.2e-06
7.202e-06
7.262e-06
7.283e-06
7.267e-06
7.212e-06
7.173e-06
1.0953e-05
7.655e-06
7.248e-06
7.321e-06
7.248e-06
7.178e-06
7.152e-06
7.303e-06
7.291e-06
7.333e-06
7.198e-06
7.471e-06
8.495e-06
7.319e-06
7.343e-06
7.291e-06
7.272e-06
7.407e-06
7.191e-06
7.423e-06
7.221e-06
8.869e-06
7.452e-06
7.312e-06
7.217e-06
7.22e-06
1.1027e-05
7.718e-06
7.29e-06
7.368e-06
7.196e-06
7.291e-06
7.213e-06
8.602e-06
7.409e-06
7.344e-06
7.25e-06
7.2e-06
7.2e-06
7.173e-06
7.298e-06
7.413e-06
7.243e-06
7.274e-06
7.3e-06
7.273e-06
7.38e-06
7.244e-06
7.333e-06
7.196e-06
7.307e-06
7.169e-06
1.0993e-05
8.994e-06
8.771e-06
7.385e-06
7.381e-06
7.276e-06
7.261e-06
7.174e-06
7.316e-06
7.258e-06
7.362e-06
7.217e-06
7.201e-06
7.288e-06
7.203e-06
4.3375e-05
8.084e-06
7.246e-06
7.309e-06
7.333e-06
7.333e-06
7.248e-06
7.386e-06
8.802e-06
7.397e-06
7.163e-06
1.6931e-05
8.144e-06
7.436e-06
7.261e-06
7.366e-06
7.246e-06
7.208e-06
8.125e-06
7.601e-06
7.262e-06
7.229e-06
7.43e-06
7.399e-06
7.472e-06
7.491e-06
7.517e-06
7.71e-06
7.266e-06
7.623e-06
7.283e-06
7.323e-06
7.198e-06
7.158e-06
7.207e-06
7.12e-06
7.229e-06
7.699e-06
7.395e-06
7.326e-06
7.386e-06
7.546e-06
7.513e-06
7.463e-06
7.307e-06
7.911e-06
7.303e-06
7.453e-06
7.507e-06
7.727e-06
7.872e-06
9.428e-06
8.133e-06
7.497e-06
7.373e-06
1.0518e-05
7.139e-06
7.086e-06
6.969e-06
6.99e-06
7.53e-06
7.361e-06
7.318e-06
7.289e-06
6.992e-06
7.013e-06
7.001e-06
7.013e-06
7.253e-06
7.342e-06
7.63e-06
7.442e-06
7.039e-06
7.147e-06
7.196e-06
7.009e-06
7.044e-06
7.016e-06
7.12e-06
7.645e-06
7.184e-06
6.997e-06
7.004e-06
6.965e-06
7.112e-06
7.244e-06
1.2097e-05
7.847e-06
7.057e-06
6.943e-06
7.418e-06
6.99e-06
7.439e-06
7.436e-06
7.176e-06
7.152e-06
6.963e-06
6.943e-06
6.954e-06
6.98e-06
7.337e-06
7.037e-06
7.031e-06
7.263e-06
7.23e-06
7.007e-06
6.928e-06
6.965e-06
7.078e-06
7.029e-06
6.926e-06
7.054e-06
7.457e-06
7.167e-06
6.909e-06
6.895e-06
6.866e-06
7.063e-06
7.016e-06
6.978e-06
7.424e-06
7.228e-06
7.039e-06
6.959e-06
7.39e-06
7.079e-06
7.463e-06
7.007e-06
7.273e-06
7.3e-06
7.079e-06
7.513e-06
7.04e-06
7.073e-06
7.448e-06
7.13e-06
7.281e-06
7.216e-06
7.209e-06
7.009e-06
6.971e-06
7.339e-06
7.407e-06
7.128e-06
6.984e-06
7.199e-06
7.022e-06
7.042e-06
7.177e-06
7.029e-06
7.455e-06
7.323e-06
7.252e-06
7.048e-06
7.242e-06
7.155e-06
6.961e-06
6.99e-06
7.391e-06
7.124e-06
7.01e-06
6.966e-06
6.932e-06
7.006e-06
6.99e-06
7.284e-06
7.392e-06
6.989e-06
7.244e-06
7.139e-06
7.443e-06
7.622e-06
7.186e-06
7.234e-06
7.435e-06
7.19e-06
7.088e-06
7.266e-06
7.012e-06
7.161e-06
1.1367e-05
7.557e-06
6.968e-06
6.914e-06
6.952e-06
6.947e-06
7.254e-06
7.02e-06
6.945e-06
7.161e-06
6.892e-06
7.249e-06
7.602e-06
7.28e-06
7.476e-06
7.232e-06
7.346e-06
7.115e-06
6.99e-06
7.615e-06
6.985e-06
7.296e-06
7.125e-06
7.407e-06
7.063e-06
7.816e-06
7.454e-06
7.555e-06
7.099e-06
7.378e-06
7.058e-06
6.96e-06
7.001e-06
7.206e-06
8.542e-06
7.112e-06
7.113e-06
6.971e-06
6.87e-06
6.938e-06
6.982e-06
7.013e-06
6.917e-06
7.317e-06
7.38e-06
6.994e-06
7.071e-06
7.198e-06
6.892e-06
6.969e-06
6.99e-06
6.971e-06
7.229e-06
6.89e-06
6.901e-06
8.296e-06
7.291e-06
7.176e-06
7.178e-06
7.311e-06
6.926e-06
7.065e-06
6.969e-06
7.089e-06
7.455e-06
7.185e-06
7.483e-06
7.058e-06
6.871e-06
6.945e-06
6.944e-06
6.956e-06
7.294e-06
7.247e-06
6.99e-06
7.061e-06
9.451e-06
7.598e-06
6.911e-06
6.986e-06
7.365e-06
7.244e-06
7.15e-06
6.931e-06
7.312e-06
7.207e-06
6.979e-06
6.921e-06
7.02e-06
6.906e-06
7.247e-06
6.906e-06
7.033e-06
0.000107166
1.4358e-05
8.166e-06
7.275e-06
8.689e-06
7.49e-06
7.556e-06
7.344e-06
7.245e-06
7.48e-06
7.569e-06
7.227e-06
7.306e-06
7.697e-06
7.422e-06
7.228e-06
7.257e-06
7.644e-06
7.224e-06
7.225e-06
7.41e-06
7.216e-06
7.303e-06
7.151e-06
7.374e-06
8.626e-06
7.548e-06
7.572e-06
7.281e-06
7.21e-06
7.546e-06
7.626e-06
7.346e-06
7.244e-06
7.329e-06
7.469e-06
7.64e-06
7.572e-06
7.34e-06
7.515e-06
7.684e-06
7.39e-06
7.457e-06
7.34e-06
7.352e-06
7.301e-06
8.558e-06
7.867e-06
7.278e-06
7.229e-06
7.339e-06
7.258e-06
7.781e-06
7.33e-06
7.26e-06
7.521e-06
7.271e-06
7.26e-06
7.767e-06
7.263e-06
7.374e-06
7.434e-06
7.433e-06
7.471e-06
7.674e-06
7.667e-06
7.493e-06
8.58e-06
7.387e-06
7.239e-06
7.53e-06
7.525e-06
7.384e-06
7.315e-06
7.683e-06
7.568e-06
7.337e-06
7.233e-06
7.561e-06
7.285e-06
7.263e-06
7.978e-06
7.888e-06
7.342e-06
7.548e-06
7.225e-06
7.211e-06
7.53e-06
8.675e-06
7.915e-06
7.483e-06
7.335e-06
7.277e-06
7.346e-06
7.551e-06
7.239e-06
7.465e-06
7.234e-06
7.56e-06
7.44e-06
7.238e-06
7.396e-06
7.781e-06
7.497e-06
7.361e-06
7.439e-06
7.32e-06
7.44e-06
7.632e-06
8.971e-06
7.55e-06
7.566e-06
7.399e-06
7.319e-06
7.245e-06
7.245e-06
7.247e-06
7.142e-06
7.282e-06
7.198e-06
7.377e-06
7.25e-06
7.319e-06
7.402e-06
7.235e-06
7.283e-06
7.361e-06
7.583e-06
7.213e-06
7.648e-06
8.685e-06
7.438e-06
7.258e-06
7.235e-06
7.274e-06
7.815e-06
7.482e-06
7.36e-06
7.304e-06
7.795e-06
7.207e-06
7.21e-06
7.319e-06
7.485e-06
7.279e-06
7.207e-06
7.616e-06
7.246e-06
7.725e-06
7.311e-06
7.226e-06
8.929e-06
7.467e-06
7.672e-06
7.467e-06
7.272e-06
7.3e-06
7.251e-06
7.579e-06
7.412e-06
7.324e-06
7.256e-06
7.509e-06
7.41e-06
7.354e-06
7.612e-06
7.48e-06
7.683e-06
7.482e-06
7.508e-06
1.1875e-05
7.733e-06
8.993e-06
7.429e-06
7.671e-06
7.321e-06
7.339e-06
7.379e-06
7.353e-06
7.528e-06
7.351e-06
7.214e-06
7.336e-06
7.257e-06
7.331e-06
7.272e-06
7.292e-06
7.663e-06
7.3e-06
7.299e-06
7.555e-06
7.367e-06
9.523e-06
9.056e-06
7.446e-06
7.352e-06
7.378e-06
7.545e-06
7.508e-06
7.362e-06
7.539e-06
7.417e-06
7.379e-06
7.365e-06
7.342e-06
7.36e-06
7.726e-06
7.318e-06
7.308e-06
7.366e-06
7.27e-06
7.604e-06
7.351e-06
7.339e-06
8.723e-06
7.596e-06
7.297e-06
7.245e-06
7.324e-06
7.218e-06
7.589e-06
7.337e-06
7.366e-06
7.317e-06
7.314e-06
7.276e-06
7.254e-06
7.338e-06
7.28e-06
7.271e-06
7.801e-06
7.711e-06
7.311e-06
7.175e-06
7.288e-06
8.775e-06
7.589e-06
7.476e-06
7.339e-06
7.681e-06
7.363e-06
7.368e-06
7.557e-06
7.332e-06
7.534e-06
7.343e-06
7.327e-06
7.744e-06
7.441e-06
7.368e-06
7.181e-06
7.285e-06
7.336e-06
7.316e-06
7.253e-06
7.429e-06
8.744e-06
7.429e-06
7.288e-06
1.0222e-05
7.753e-06
1.1394e-05
7.791e-06
7.902e-06
7.555e-06
7.406e-06
7.417e-06
7.436e-06
7.302e-06
7.417e-06
7.292e-06
7.368e-06
7.362e-06
7.428e-06
7.662e-06
7.364e-06
7.299e-06
8.672e-06
7.455e-06
7.355e-06
7.333e-06
7.199e-06
7.349e-06
7.691e-06
7.305e-06
7.244e-06
7.234e-06
7.919e-06
7.534e-06
7.254e-06
7.578e-06
7.376e-06
7.29e-06
7.348e-06
7.294e-06
7.362e-06
7.272e-06
7.235e-06
8.759e-06
7.454e-06
7.365e-06
7.381e-06
7.408e-06
7.501e-06
7.919e-06
7.367e-06
7.631e-06
7.432e-06
7.343e-06
7.733e-06
7.377e-06
7.356e-06
7.333e-06
7.666e-06
7.515e-06
7.381e-06
7.785e-06
7.496e-06
7.366e-06
8.751e-06
7.544e-06
7.358e-06
7.381e-06
7.278e-06
7.524e-06
7.283e-06
7.264e-06
7.29e-06
7.398e-06
7.294e-06
7.518e-06
7.34e-06
7.328e-06
7.459e-06
7.804e-06
7.343e-06
8.021e-06
7.515e-06
7.598e-06
7.637e-06
8.643e-06
7.829e-06
7.412e-06
7.298e-06
7.366e-06
7.451e-06
7.885e-06
8.822e-06
7.803e-06
7.456e-06
7.393e-06
7.695e-06
7.433e-06
7.748e-06
7.454e-06
7.907e-06
7.688e-06
7.732e-06
7.532e-06
7.595e-06
7.745e-06
8.98e-06
1.0703e-05
7.342e-06
7.273e-06
7.25e-06
7.143e-06
7.336e-06
7.166e-06
7.155e-06
7.036e-06
7.077e-06
6.972e-06
7.175e-06
7.476e-06
7.444e-06
7.103e-06
7.039e-06
7.34e-06
7.041e-06
6.991e-06
6.979e-06
8.652e-06
7.407e-06
7.455e-06
7.445e-06
7.095e-06
7.157e-06
7.157e-06
7.125e-06
7.056e-06
6.946e-06
7.64e-06
7.477e-06
7.212e-06
7.056e-06
7.325e-06
7.077e-06
7e-06
7.05e-06
7.238e-06
7.178e-06
7.222e-06
8.558e-06
7.173e-06
6.995e-06
1.0274e-05
7.415e-06
7.081e-06
7.071e-06
6.944e-06
7.081e-06
7.399e-06
6.978e-06
6.972e-06
7.141e-06
7.143e-06
6.978e-06
6.942e-06
7.077e-06
6.967e-06
7.174e-06
6.986e-06
6.927e-06
8.582e-06
7.112e-06
6.899e-06
7.427e-06
7.086e-06
7.181e-06
6.961e-06
7.029e-06
1.0635e-05
7.737e-06
1.1737e-05
7.747e-06
7.033e-06
7.057e-06
7.052e-06
7.183e-06
7.019e-06
7.093e-06
6.989e-06
7.006e-06
7.013e-06
1.1423e-05
7.185e-06
6.946e-06
7.092e-06
7.323e-06
7.088e-06
7.121e-06
7.02e-06
7.044e-06
7.221e-06
7.184e-06
6.97e-06
7.033e-06
1.0863e-05
7.439e-06
7.175e-06
6.991e-06
6.916e-06
6.975e-06
6.905e-06
7.025e-06
8.216e-06
7.032e-06
6.94e-06
6.926e-06
6.995e-06
7.006e-06
7.015e-06
6.982e-06
6.981e-06
6.976e-06
6.998e-06
7.03e-06
7.529e-06
7.116e-06
7.01e-06
6.985e-06
7.119e-06
7.032e-06
1.0541e-05
7.636e-06
7.257e-06
8.46e-06
7.437e-06
7.199e-06
6.966e-06
7.001e-06
7.152e-06
7.06e-06
7.011e-06
7.172e-06
7e-06
7.228e-06
7.082e-06
7.048e-06
6.896e-06
6.929e-06
6.967e-06
6.861e-06
6.894e-06
6.99e-06
7.422e-06
7.019e-06
8.239e-06
7.145e-06
1.0383e-05
7.484e-06
7.174e-06
7.107e-06
7.225e-06
6.909e-06
6.949e-06
7.001e-06
7.144e-06
7.006e-06
6.857e-06
6.922e-06
7.366e-06
7.093e-06
7.05e-06
6.937e-06
6.917e-06
1.464e-05
1.282e-05
8.931e-06
7.608e-06
7.499e-06
7.572e-06
1.0197e-05
7.172e-06
7.12e-06
1.0737e-05
7.52e-06
7.104e-06
7.321e-06
7.149e-06
7.005e-06
6.982e-06
6.97e-06
7.05e-06
6.941e-06
6.999e-06
7.171e-06
6.932e-06
6.867e-06
8.236e-06
7.537e-06
7.018e-06
7.066e-06
6.987e-06
6.979e-06
6.984e-06
7.029e-06
7.141e-06
7.009e-06
7.494e-06
7.106e-06
1.0692e-05
7.454e-06
7.079e-06
6.958e-06
6.966e-06
6.988e-06
6.999e-06
6.898e-06
7.098e-06
8.25e-06
7.07e-06
6.955e-06
6.996e-06
6.986e-06
6.957e-06
7.21e-06
6.982e-06
6.996e-06
7.086e-06
7.007e-06
6.997e-06
7.035e-06
6.962e-06
7.02e-06
7.307e-06
7.044e-06
1.051e-05
7.575e-06
7.341e-06
7.102e-06
8.446e-06
7.351e-06
6.942e-06
6.966e-06
7.019e-06
7.086e-06
6.944e-06
7.273e-06
7.106e-06
6.948e-06
6.92e-06
6.932e-06
8.665e-06
7.552e-06
7.081e-06
7.314e-06
7.094e-06
7.098e-06
1.2291e-05
7.197e-06
7.036e-06
8.35e-06
1.0475e-05
7.264e-06
7e-06
6.965e-06
6.956e-06
7.005e-06
7.289e-06
6.987e-06
7.179e-06
6.927e-06
6.845e-06
6.85e-06
6.88e-06
6.922e-06
6.914e-06
7.36e-06
7.062e-06
6.999e-06
6.922e-06
7.107e-06
8.129e-06
7.094e-06
7.241e-06
8.475e-06
7.105e-06
6.937e-06
1.0259e-05
7.277e-06
6.975e-06
6.86e-06
6.913e-06
6.862e-06
6.874e-06
6.852e-06
6.894e-06
6.993e-06
7.017e-06
6.887e-06
6.87e-06
6.874e-06
6.874e-06
8.35e-06
7.141e-06
6.939e-06
6.949e-06
7.049e-06
6.984e-06
6.921e-06
6.891e-06
7.031e-06
6.988e-06
6.876e-06
1.0433e-05
7.358e-06
6.964e-06
8.491e-06
7.1e-06
6.967e-06
6.954e-06
7.006e-06
6.929e-06
7.046e-06
8.305e-06
7.129e-06
6.96e-06
6.981e-06
6.966e-06
7.019e-06
6.96e-06
7.046e-06
6.981e-06
6.934e-06
6.995e-06
7.074e-06
7.041e-06
6.973e-06
7.118e-06
6.97e-06
1.0325e-05
7.383e-06
6.96e-06
6.919e-06
7.132e-06
8.139e-06
7.071e-06
6.981e-06
7.057e-06
8.533e-06
8.129e-06
6.958e-06
7.045e-06
7.041e-06
6.89e-06
6.937e-06
6.999e-06
7.117e-06
6.937e-06
6.983e-06
7.057e-06
7.124e-06
6.947e-06
6.965e-06
6.933e-06
7.08e-06
1.1116e-05
7.453e-06
7.198e-06
6.933e-06
6.973e-06
7.008e-06
7.04e-06
6.912e-06
7.142e-06
7.073e-06
7.044e-06
6.999e-06
6.991e-06
6.962e-06
6.899e-06
8.546e-06
7.066e-06
6.898e-06
6.976e-06
6.875e-06
7.046e-06
8.127e-06
7.092e-06
6.93e-06
6.874e-06
7.015e-06
1.0246e-05
7.395e-06
7.005e-06
6.847e-06
6.948e-06
7.071e-06
6.941e-06
7.074e-06
7.003e-06
6.907e-06
7.007e-06
6.968e-06
6.968e-06
6.981e-06
6.977e-06
6.94e-06
8.294e-06
7.092e-06
6.957e-06
6.946e-06
6.962e-06
8.74e-06
7.142e-06
6.939e-06
7.056e-06
7.019e-06
1.0638e-05
7.459e-06
6.958e-06
6.922e-06
6.914e-06
7.099e-06
7.05e-06
6.926e-06
6.96e-06
6.948e-06
6.999e-06
8.429e-06
7.149e-06
7.032e-06
6.989e-06
6.969e-06
7.001e-06
7.082e-06
6.927e-06
7.039e-06
6.96e-06
6.907e-06
7.028e-06
6.913e-06
6.993e-06
1.4295e-05
1.4982e-05
9.263e-06
7.535e-06
7.466e-06
7.294e-06
7.36e-06
8.608e-06
7.356e-06
7.334e-06
7.326e-06
7.287e-06
7.277e-06
7.237e-06
7.315e-06
7.198e-06
7.228e-06
7.357e-06
7.252e-06
7.362e-06
7.386e-06
7.321e-06
7.393e-06
7.361e-06
7.383e-06
7.402e-06
7.204e-06
7.788e-06
8.09e-06
7.598e-06
7.357e-06
7.356e-06
7.307e-06
7.464e-06
7.976e-06
7.523e-06
7.499e-06
7.371e-06
7.549e-06
7.338e-06
7.288e-06
7.574e-06
7.502e-06
7.669e-06
7.229e-06
7.68e-06
7.45e-06
7.186e-06
6.983e-06
6.891e-06
7.293e-06
7.053e-06
6.955e-06
7.258e-06
7.311e-06
7.013e-06
7.05e-06
6.982e-06
7.415e-06
7.012e-06
6.97e-06
7.124e-06
6.922e-06
7.918e-06
7.228e-06
7.165e-06
7.001e-06
7.118e-06
7.116e-06
7.036e-06
7.041e-06
7.05e-06
7.29e-06
7.287e-06
6.973e-06
7.027e-06
7.265e-06
7.116e-06
7.066e-06
7.663e-06
6.955e-06
8.057e-06
7.376e-06
7.26e-06
7.155e-06
7.107e-06
7.13e-06
6.965e-06
6.908e-06
7.531e-06
7.171e-06
6.936e-06
7.065e-06
7.037e-06
6.995e-06
7.812e-06
7.39e-06
7.5993e-05
1.2963e-05
1.1624e-05
7.355e-06
7.189e-06
7.48e-06
7.554e-06
7.236e-06
7.374e-06
6.962e-06
7.201e-06
7.337e-06
7.381e-06
7.176e-06
7.135e-06
7.636e-06
7.141e-06
6.915e-06
7e-06
7.04e-06
7.021e-06
7.074e-06
7.07e-06
7.109e-06
7.002e-06
6.912e-06
7.333e-06
7.504e-06
7.035e-06
7.043e-06
6.989e-06
6.974e-06
6.919e-06
7.021e-06
7.065e-06
7.201e-06
7.027e-06
6.868e-06
7.205e-06
7.458e-06
7.164e-06
7.111e-06
6.977e-06
7.545e-06
7.574e-06
7.081e-06
7.259e-06
7.056e-06
6.998e-06
6.96e-06
7.11e-06
7.218e-06
7.215e-06
7.068e-06
6.961e-06
7.239e-06
6.989e-06
7.05e-06
6.986e-06
7.224e-06
7.486e-06
7.678e-06
6.995e-06
7.022e-06
7.307e-06
7.259e-06
7.041e-06
7.6e-06
7.204e-06
1.1577e-05
7.687e-06
7.149e-06
6.864e-06
7.338e-06
7.021e-06
6.967e-06
7.226e-06
7.846e-06
6.952e-06
6.878e-06
7.23e-06
6.946e-06
6.841e-06
7.366e-06
7.027e-06
6.867e-06
7.204e-06
7.272e-06
7.021e-06
7.126e-06
7.134e-06
7.175e-06
6.98e-06
7.318e-06
7.336e-06
7.307e-06
7.145e-06
7.387e-06
7.201e-06
7.312e-06
6.921e-06
6.967e-06
7.17e-06
7.064e-06
6.953e-06
7.135e-06
7.653e-06
7.063e-06
6.969e-06
7.41e-06
7.057e-06
6.97e-06
6.994e-06
7.186e-06
6.929e-06
6.987e-06
7.771e-06
7.319e-06
7.123e-06
7.285e-06
7.414e-06
7.315e-06
7.055e-06
6.939e-06
7.103e-06
7.051e-06
9.25e-06
7.308e-06
7.271e-06
7.302e-06
7.116e-06
7.248e-06
7.597e-06
7.388e-06
7.064e-06
6.969e-06
7.075e-06
6.995e-06
7.175e-06
7.099e-06
7.021e-06
7.015e-06
7.058e-06
7.052e-06
7.05e-06
7.103e-06
6.945e-06
7.079e-06
7.433e-06
7.1e-06
7.527e-06
7.181e-06
7.118e-06
7.349e-06
7.202e-06
7.379e-06
9.043e-06
7.268e-06
7.129e-06
7.511e-06
7.169e-06
7.9745e-05
1.351e-05
7.979e-06
7.471e-06
7.303e-06
7.408e-06
7.197e-06
7.322e-06
6.896e-06
7.174e-06
6.963e-06
7.136e-06
7.32e-06
6.921e-06
6.953e-06
6.969e-06
8.677e-06
7.417e-06
7.028e-06
6.987e-06
1.0511e-05
7.469e-06
7.117e-06
6.964e-06
6.919e-06
6.941e-06
7.006e-06
6.95e-06
6.999e-06
7.25e-06
6.843e-06
6.864e-06
6.996e-06
7.124e-06
6.989e-06
6.98e-06
7.239e-06
8.374e-06
7.035e-06
6.953e-06
6.871e-06
7.039e-06
6.948e-06
7.316e-06
6.934e-06
6.842e-06
1.0446e-05
7.325e-06
7.144e-06
7.057e-06
7.086e-06
6.987e-06
6.994e-06
7.034e-06
7.053e-06
7.011e-06
7.03e-06
7.618e-06
8.259e-06
7.229e-06
6.925e-06
6.892e-06
7.114e-06
7.201e-06
7.536e-06
6.98e-06
7.166e-06
7.021e-06
7.116e-06
7.133e-06
7.189e-06
7.611e-06
1.0331e-05
7.614e-06
7.13e-06
6.932e-06
7.083e-06
7.038e-06
6.89e-06
8.561e-06
7.46e-06
8.539e-06
7.078e-06
6.92e-06
1.7635e-05
1.2231e-05
7.687e-06
7.39e-06
7.241e-06
7.222e-06
7.434e-06
7.328e-06
7.258e-06
7.32e-06
7.331e-06
7.444e-06
7.257e-06
7.351e-06
1.1436e-05
7.616e-06
8.794e-06
7.593e-06
7.326e-06
7.349e-06
7.218e-06
7.225e-06
1.0233e-05
6.979e-06
6.855e-06
7.038e-06
6.905e-06
7.113e-06
7.103e-06
7.502e-06
7.181e-06
7.016e-06
6.98e-06
6.898e-06
6.888e-06
7.035e-06
6.952e-06
8.281e-06
7.003e-06
6.901e-06
1.0064e-05
7.401e-06
7.122e-06
7.082e-06
6.876e-06
7.597e-06
7.232e-06
6.926e-06
6.968e-06
7.378e-06
7.252e-06
7.255e-06
7.384e-06
7.122e-06
6.983e-06
7.253e-06
7.001e-06
6.904e-06
8.31e-06
7.457e-06
7.119e-06
6.974e-06
6.989e-06
7.073e-06
7.038e-06
7.392e-06
1.0449e-05
7.265e-06
7.02e-06
7.027e-06
7.031e-06
6.98e-06
7.019e-06
7.458e-06
7.02e-06
7.072e-06
6.9e-06
7.04e-06
6.938e-06
8.364e-06
7.258e-06
7.026e-06
6.953e-06
6.99e-06
6.996e-06
6.997e-06
7.184e-06
8.374e-06
7.081e-06
6.924e-06
1.1334e-05
7.819e-06
1.0815e-05
7.71e-06
7.157e-06
6.999e-06
7.071e-06
7.015e-06
7.035e-06
7.023e-06
8.401e-06
7.061e-06
7.098e-06
6.934e-06
6.944e-06
7.03e-06
7.056e-06
6.979e-06
7.03e-06
7.047e-06
7.022e-06
7.069e-06
6.919e-06
7.251e-06
7.094e-06
6.935e-06
6.93e-06
7.031e-06
1.0334e-05
8.905e-06
7.306e-06
8.331e-06
7.187e-06
6.946e-06
6.951e-06
6.912e-06
7.154e-06
7.039e-06
6.976e-06
7.001e-06
7.097e-06
7.015e-06
7.025e-06
7.066e-06
7.064e-06
7.107e-06
7.039e-06
7.01e-06
7.08e-06
7.026e-06
7.02e-06
6.96e-06
8.315e-06
7.142e-06
1.048e-05
7.37e-06
7.055e-06
7.014e-06
6.961e-06
6.975e-06
6.943e-06
8.489e-06
7.238e-06
7.009e-06
7.024e-06
6.961e-06
7.026e-06
7.048e-06
7.079e-06
6.98e-06
7.032e-06
7.079e-06
7.025e-06
8.373e-06
7.151e-06
7.015e-06
7.065e-06
7.018e-06
7.016e-06
7.026e-06
1.0544e-05
7.427e-06
6.986e-06
7.213e-06
6.978e-06
7.017e-06
6.957e-06
7.15e-06
7.005e-06
7.166e-06
6.947e-06
7.016e-06
1.3925e-05
9.276e-06
1.083e-05
7.334e-06
7.101e-06
6.967e-06
6.974e-06
7.073e-06
7.065e-06
7.123e-06
7.026e-06
7.277e-06
7.085e-06
6.998e-06
1.0834e-05
7.47e-06
7.085e-06
6.982e-06
6.96e-06
6.989e-06
7.046e-06
7.036e-06
6.988e-06
8.089e-06
7.055e-06
6.948e-06
7.041e-06
6.911e-06
6.933e-06
6.903e-06
7.032e-06
6.988e-06
7.069e-06
8.769e-06
7.116e-06
7.027e-06
7.027e-06
6.951e-06
6.927e-06
6.881e-06
1.0682e-05
7.376e-06
7.118e-06
7.032e-06
8.195e-06
7.073e-06
7.004e-06
6.98e-06
7.047e-06
7.092e-06
6.997e-06
7.078e-06
7.038e-06
7.06e-06
7.075e-06
6.947e-06
7.053e-06
6.983e-06
6.968e-06
7.079e-06
7.019e-06
7.1e-06
7.066e-06
7.053e-06
7.032e-06
9.124e-06
1.0611e-05
7.365e-06
7.114e-06
7.186e-06
6.995e-06
7.023e-06
6.98e-06
7.015e-06
7.085e-06
7.082e-06
7.061e-06
7.001e-06
6.952e-06
6.91e-06
6.953e-06
7.079e-06
7.118e-06
7.105e-06
7.08e-06
7.117e-06
8.191e-06
7.091e-06
6.932e-06
6.972e-06
7.161e-06
7.095e-06
2.07e-05
7.985e-06
7.394e-06
7.258e-06
7.582e-06
1.1907e-05
7.121e-06
6.96e-06
6.972e-06
7.136e-06
6.966e-06
6.89e-06
7.021e-06
6.906e-06
6.932e-06
8.031e-06
7.002e-06
6.92e-06
6.946e-06
8.95e-06
7.288e-06
7.098e-06
7.044e-06
6.998e-06
6.982e-06
7.003e-06
1.0477e-05
7.422e-06
7.074e-06
6.952e-06
6.934e-06
7.07e-06
7.002e-06
6.939e-06
6.933e-06
6.936e-06
8.071e-06
8.543e-06
7.149e-06
6.987e-06
6.993e-06
7.104e-06
6.962e-06
6.925e-06
6.914e-06
6.854e-06
6.919e-06
6.889e-06
6.914e-06
6.912e-06
6.978e-06
6.996e-06
1.12e-05
7.62e-06
7.326e-06
7.339e-06
7.354e-06
8.5e-06
7.503e-06
7.244e-06
7.269e-06
7.309e-06
7.228e-06
7.225e-06
7.195e-06
7.327e-06
7.305e-06
7.165e-06
7.365e-06
8.86e-06
7.402e-06
7.169e-06
7.351e-06
7.295e-06
7.504e-06
7.291e-06
7.194e-06
7.237e-06
1.1486e-05
1.2976e-05
7.861e-06
7.352e-06
7.193e-06
7.341e-06
7.337e-06
7.281e-06
7.311e-06
7.298e-06
7.292e-06
7.449e-06
7.384e-06
7.302e-06
7.333e-06
7.285e-06
7.379e-06
7.295e-06
7.306e-06
7.201e-06
7.273e-06
8.642e-06
7.351e-06
8.698e-06
7.443e-06
7.222e-06
1.1156e-05
7.709e-06
7.349e-06
1.0276e-05
6.983e-06
7.025e-06
6.918e-06
7.067e-06
6.954e-06
7.029e-06
6.969e-06
7.009e-06
6.915e-06
6.972e-06
6.976e-06
7.061e-06
8.349e-06
7.143e-06
7.077e-06
7.001e-06
6.979e-06
7.097e-06
6.955e-06
7.03e-06
6.957e-06
6.981e-06
1.0649e-05
7.252e-06
6.916e-06
8.381e-06
7.076e-06
6.969e-06
7.011e-06
6.973e-06
6.944e-06
6.877e-06
7.055e-06
8.227e-06
7.014e-06
6.919e-06
7.082e-06
6.981e-06
6.961e-06
6.951e-06
6.929e-06
6.848e-06
6.891e-06
6.986e-06
6.914e-06
7.076e-06
7.033e-06
7.011e-06
1.0718e-05
7.424e-06
6.962e-06
6.965e-06
7.015e-06
7.089e-06
8.213e-06
7.095e-06
7.074e-06
8.403e-06
7.042e-06
6.925e-06
6.912e-06
1.1024e-05
7.553e-06
6.991e-06
6.967e-06
7.065e-06
7.038e-06
6.975e-06
6.99e-06
7.086e-06
6.989e-06
6.953e-06
6.916e-06
6.919e-06
1.0665e-05
8.571e-06
7.086e-06
7.158e-06
7.019e-06
7.058e-06
7.091e-06
7.065e-06
6.927e-06
7.048e-06
6.965e-06
6.995e-06
6.945e-06
6.92e-06
6.936e-06
8.704e-06
7.247e-06
6.888e-06
6.956e-06
7.073e-06
7.088e-06
6.868e-06
8.194e-06
7.07e-06
6.886e-06
6.948e-06
1.0549e-05
7.439e-06
7.168e-06
6.941e-06
7.021e-06
6.941e-06
6.983e-06
6.978e-06
7.076e-06
7.123e-06
6.999e-06
7.031e-06
6.964e-06
7.15e-06
6.974e-06
7.069e-06
6.984e-06
8.264e-06
7.139e-06
6.98e-06
7.008e-06
8.559e-06
7.229e-06
7.061e-06
7.079e-06
6.965e-06
1.0584e-05
7.338e-06
7.04e-06
6.875e-06
6.828e-06
6.915e-06
6.993e-06
6.923e-06
6.962e-06
6.932e-06
6.936e-06
6.943e-06
8.23e-06
7.088e-06
7.001e-06
7.066e-06
6.985e-06
7.026e-06
6.945e-06
6.967e-06
7.039e-06
7.02e-06
6.919e-06
6.978e-06
6.943e-06
6.887e-06
1.0566e-05
8.3699e-05
1.4396e-05
1.1319e-05
7.347e-06
7.237e-06
7.25e-06
8.832e-06
7.473e-06
7.356e-06
7.216e-06
7.166e-06
7.277e-06
7.301e-06
7.286e-06
7.189e-06
7.401e-06
7.285e-06
7.312e-06
7.375e-06
7.311e-06
7.52e-06
7.462e-06
7.319e-06
7.352e-06
7.237e-06
7.63e-06
7.336e-06
8.158e-06
7.457e-06
7.536e-06
7.372e-06
7.487e-06
7.98e-06
7.628e-06
7.293e-06
7.452e-06
1.0287e-05
7.431e-06
7.272e-06
7.419e-06
7.196e-06
7.204e-06
7.355e-06
7.292e-06
7.08e-06
7.364e-06
7.035e-06
6.898e-06
6.922e-06
6.915e-06
7.021e-06
7.144e-06
7.247e-06
7.395e-06
7.02e-06
7.181e-06
7.163e-06
7.089e-06
6.877e-06
7.085e-06
6.935e-06
7.055e-06
6.932e-06
7.28e-06
7.413e-06
7.054e-06
7.188e-06
6.914e-06
6.999e-06
6.903e-06
6.922e-06
6.924e-06
7.596e-06
6.919e-06
6.865e-06
6.87e-06
6.981e-06
7.166e-06
7.248e-06
7.461e-06
7.199e-06
7.2e-06
7.431e-06
7.214e-06
7.002e-06
8.172e-06
7.082e-06
6.931e-06
7.489e-06
7.486e-06
6.966e-06
7.294e-06
7.234e-06
7.047e-06
7.155e-06
7.326e-06
7.274e-06
7.061e-06
7.585e-06
7.345e-06
6.977e-06
6.954e-06
7.092e-06
7.112e-06
7.513e-06
7.393e-06
7.192e-06
8.654e-06
7.183e-06
6.974e-06
7.192e-06
7.527e-06
7.125e-06
1.3789e-05
1.2878e-05
7.598e-06
7.292e-06
7.533e-06
7.321e-06
1.034e-05
7.204e-06
7.425e-06
7.395e-06
7.155e-06
7.109e-06
6.962e-06
7.075e-06
7.524e-06
8.42e-06
7.217e-06
6.977e-06
7.068e-06
7.292e-06
7.248e-06
7.291e-06
6.975e-06
7.024e-06
6.919e-06
7.043e-06
7.445e-06
7.553e-06
7.288e-06
7.245e-06
7.158e-06
7.331e-06
6.978e-06
7.27e-06
7.288e-06
7.016e-06
8.264e-06
7.301e-06
7.07e-06
7.189e-06
7.044e-06
7.013e-06
7.49e-06
7.262e-06
7.068e-06
6.999e-06
7.273e-06
7.048e-06
6.945e-06
7.139e-06
7.025e-06
7.345e-06
6.99e-06
7.177e-06
7.012e-06
7.019e-06
1.0107e-05
9.104e-06
7.695e-06
7.086e-06
7.05e-06
7.085e-06
6.961e-06
7.048e-06
7.011e-06
7.408e-06
7.038e-06
7.197e-06
6.966e-06
6.968e-06
6.972e-06
6.899e-06
7.203e-06
7.151e-06
7.303e-06
7.154e-06
6.923e-06
7.028e-06
8.473e-06
7.277e-06
7.273e-06
7.428e-06
7.588e-06
7.354e-06
7.104e-06
6.997e-06
7.008e-06
6.922e-06
7.294e-06
7.289e-06
6.999e-06
7.332e-06
7.029e-06
6.904e-06
7.25e-06
7.066e-06
6.989e-06
7.349e-06
7.453e-06
8.394e-06
7.153e-06
7.003e-06
6.993e-06
7.001e-06
6.965e-06
7.276e-06
7.039e-06
6.997e-06
7.245e-06
6.917e-06
7.288e-06
7.093e-06
6.982e-06
7.102e-06
6.981e-06
7.295e-06
6.954e-06
7.016e-06
7.409e-06
7.115e-06
8.286e-06
7.17e-06
7.055e-06
7.045e-06
7.012e-06
7.119e-06
6.975e-06
7.526e-06
7.102e-06
7.235e-06
7.106e-06
7.006e-06
7.165e-06
7.217e-06
7.382e-06
7.349e-06
7.243e-06
7.229e-06
7.079e-06
7.049e-06
7.057e-06
8.306e-06
7.145e-06
7.159e-06
6.98e-06
7.304e-06
7.541e-06
7.131e-06
1.4488e-05
1.1342e-05
7.594e-06
7.304e-06
7.301e-06
7.29e-06
7.277e-06
7.48e-06
7.703e-06
7.246e-06
7.789e-06
7.348e-06
7.223e-06
7.396e-06
8.725e-06
7.642e-06
7.756e-06
1.0498e-05
7.283e-06
7.183e-06
6.981e-06
7.188e-06
6.964e-06
7.015e-06
7.348e-06
7.062e-06
7.028e-06
7e-06
7.059e-06
1.0224e-05
7.411e-06
7.149e-06
7.194e-06
7.165e-06
7.212e-06
8.776e-06
7.534e-06
7.491e-06
7.291e-06
7.894e-06
7.563e-06
7.601e-06
7.443e-06
7.25e-06
7.229e-06
7.242e-06
7.177e-06
7.293e-06
7.262e-06
7.207e-06
7.613e-06
7.285e-06
7.282e-06
7.267e-06
7.14e-06
7.344e-06
8.874e-06
7.402e-06
7.227e-06
7.713e-06
7.42e-06
7.728e-06
7.32e-06
7.518e-06
7.389e-06
7.289e-06
7.491e-06
7.639e-06
7.788e-06
7.469e-06
7.298e-06
1.0251e-05
7.168e-06
7.431e-06
7.107e-06
6.971e-06
6.9e-06
8.448e-06
7.333e-06
7.036e-06
1.6677e-05
8.798e-06
7.082e-06
6.937e-06
6.87e-06
7.336e-06
7.019e-06
6.974e-06
7.374e-06
6.967e-06
6.898e-06
7.169e-06
6.934e-06
6.97e-06
6.88e-06
7.073e-06
6.958e-06
7.005e-06
8.702e-06
7.101e-06
7.321e-06
7.167e-06
7.199e-06
7.001e-06
6.931e-06
6.942e-06
7.207e-06
6.946e-06
6.869e-06
6.955e-06
7.508e-06
6.938e-06
6.982e-06
6.884e-06
6.914e-06
7.04e-06
7.183e-06
6.864e-06
6.873e-06
1.1242e-05
7.143e-06
6.917e-06
6.945e-06
6.975e-06
7.661e-06
7.103e-06
7.024e-06
7.116e-06
7.017e-06
6.844e-06
7.071e-06
6.923e-06
7.232e-06
6.863e-06
6.929e-06
7.105e-06
7.082e-06
6.856e-06
6.89e-06
7.246e-06
8.398e-06
7.022e-06
6.883e-06
7.291e-06
6.967e-06
6.936e-06
6.908e-06
6.86e-06
7.604e-06
7.215e-06
7.032e-06
6.94e-06
7.075e-06
6.959e-06
7.099e-06
7.194e-06
7.203e-06
6.931e-06
6.868e-06
7.241e-06
6.989e-06
8.29e-06
6.96e-06
6.99e-06
7.007e-06
6.906e-06
7.274e-06
6.966e-06
7.234e-06
6.96e-06
7.096e-06
7.004e-06
1.1311e-05
7.749e-06
7.053e-06
6.992e-06
7.09e-06
7.109e-06
6.992e-06
7.109e-06
7.295e-06
6.902e-06
8.486e-06
6.999e-06
6.916e-06
7.06e-06
6.956e-06
7.023e-06
7.083e-06
7.407e-06
6.906e-06
6.986e-06
7.154e-06
7.098e-06
7.018e-06
7.006e-06
6.937e-06
6.956e-06
7.578e-06
6.933e-06
7.252e-06
6.931e-06
7.09e-06
8.345e-06
7.255e-06
7.237e-06
7.323e-06
7.103e-06
7.072e-06
7.127e-06
7.333e-06
7.075e-06
7.306e-06
7.345e-06
7.075e-06
7.043e-06
6.937e-06
6.936e-06
6.961e-06
6.972e-06
7.322e-06
6.951e-06
6.907e-06
6.935e-06
8.354e-06
7.008e-06
7.309e-06
6.988e-06
7.084e-06
6.967e-06
7.015e-06
7.023e-06
6.99e-06
7.284e-06
7.07e-06
6.906e-06
6.927e-06
6.913e-06
6.973e-06
6.954e-06
6.949e-06
6.884e-06
6.979e-06
7.434e-06
7.366e-06
8.192e-06
7.094e-06
6.949e-06
6.995e-06
6.912e-06
6.949e-06
6.988e-06
7.192e-06
7.026e-06
6.972e-06
6.931e-06
6.876e-06
6.914e-06
7.083e-06
6.906e-06
6.987e-06
6.983e-06
7.327e-06
6.959e-06
6.896e-06
6.936e-06
0.000109409
1.4332e-05
7.509e-06
7.359e-06
7.308e-06
7.394e-06
1.0171e-05
7.052e-06
6.984e-06
7.014e-06
7.021e-06
7.054e-06
7.529e-06
7.405e-06
7.203e-06
7.194e-06
7.04e-06
7.145e-06
7.215e-06
7.484e-06
6.964e-06
8.306e-06
7.495e-06
6.996e-06
7.132e-06
6.952e-06
7.268e-06
7.015e-06
6.939e-06
7.049e-06
6.962e-06
7.222e-06
7.37e-06
7.153e-06
7.173e-06
6.977e-06
6.989e-06
7.029e-06
6.92e-06
6.964e-06
6.884e-06
7.043e-06
8.241e-06
7.004e-06
6.996e-06
7.064e-06
7.006e-06
7.35e-06
6.988e-06
7.031e-06
7.163e-06
7.044e-06
7.041e-06
7.028e-06
9.33e-06
7.138e-06
6.97e-06
7.331e-06
6.911e-06
6.923e-06
6.936e-06
7.178e-06
7.066e-06
8.658e-06
7.113e-06
6.933e-06
6.929e-06
6.983e-06
7.018e-06
6.87e-06
6.983e-06
6.864e-06
6.907e-06
7.395e-06
7.113e-06
6.978e-06
6.994e-06
7.185e-06
7.116e-06
6.941e-06
6.993e-06
7.334e-06
7.176e-06
8.131e-06
8.381e-06
7.112e-06
6.929e-06
6.933e-06
6.928e-06
7.351e-06
7.103e-06
7.063e-06
6.924e-06
7.214e-06
7.034e-06
7.039e-06
6.908e-06
6.9e-06
7.326e-06
7.144e-06
7.34e-06
6.991e-06
7.162e-06
6.941e-06
6.976e-06
8.486e-06
7.094e-06
6.925e-06
6.905e-06
7.069e-06
7.343e-06
7.249e-06
7.037e-06
6.938e-06
1.054e-05
7.38e-06
7.062e-06
7.45e-06
6.962e-06
7.106e-06
6.911e-06
7.176e-06
7.009e-06
6.957e-06
7.166e-06
7e-06
8.264e-06
7.118e-06
7.176e-06
6.948e-06
6.904e-06
6.91e-06
6.906e-06
6.868e-06
6.93e-06
6.964e-06
7.002e-06
6.97e-06
7.022e-06
6.919e-06
1.0298e-05
7.83e-06
7.198e-06
6.942e-06
6.84e-06
6.989e-06
6.96e-06
8.336e-06
7.221e-06
7.224e-06
7.114e-06
6.873e-06
7.237e-06
6.924e-06
6.913e-06
6.883e-06
6.898e-06
6.85e-06
7.089e-06
6.92e-06
7.036e-06
7.367e-06
7.147e-06
6.929e-06
6.864e-06
7e-06
1.9415e-05
1.824e-05
9.396e-06
7.422e-06
7.531e-06
7.417e-06
1.016e-05
7.146e-06
7.061e-06
7.021e-06
6.911e-06
7.036e-06
6.912e-06
7.263e-06
6.999e-06
6.935e-06
7.085e-06
6.99e-06
7.049e-06
6.896e-06
7.186e-06
6.906e-06
7.019e-06
8.472e-06
7.148e-06
6.884e-06
1.0117e-05
7.239e-06
6.958e-06
6.906e-06
7.459e-06
7.151e-06
6.895e-06
6.849e-06
7.103e-06
6.999e-06
7.13e-06
6.96e-06
7.292e-06
6.951e-06
7.097e-06
6.953e-06
6.902e-06
7.056e-06
8.601e-06
7.007e-06
7.004e-06
7.26e-06
7.025e-06
7.166e-06
6.966e-06
6.842e-06
1.0197e-05
7.44e-06
7e-06
6.935e-06
6.887e-06
7.035e-06
6.912e-06
6.988e-06
7.215e-06
6.954e-06
6.87e-06
6.91e-06
7.212e-06
8.37e-06
7.047e-06
6.859e-06
6.956e-06
7.224e-06
7.128e-06
7.317e-06
6.937e-06
6.91e-06
7.14e-06
6.9e-06
7.098e-06
7.053e-06
1.0369e-05
7.372e-06
7.157e-06
7.008e-06
6.914e-06
7.646e-06
6.947e-06
6.927e-06
8.33e-06
7.138e-06
6.911e-06
6.925e-06
6.873e-06
7.135e-06
7.012e-06
1.4978e-05
1.4133e-05
7.441e-06
7.645e-06
7.17e-06
7.134e-06
7.255e-06
7.278e-06
7.233e-06
7.197e-06
7.29e-06
7.855e-06
7.349e-06
7.179e-06
8.365e-06
7.446e-06
7.368e-06
7.264e-06
7.224e-06
7.242e-06
7.585e-06
7.184e-06
7.561e-06
7.412e-06
7.392e-06
7.35e-06
7.116e-06
6.927e-06
7.655e-06
7.368e-06
7.183e-06
7.032e-06
7.073e-06
7.161e-06
7.269e-06
7.215e-06
7.605e-06
7.427e-06
7.242e-06
7.074e-06
6.96e-06
6.855e-06
6.881e-06
6.859e-06
7.109e-06
7.26e-06
6.909e-06
6.847e-06
6.936e-06
6.898e-06
6.831e-06
6.846e-06
6.943e-06
6.868e-06
7.333e-06
7.02e-06
6.877e-06
7.26e-06
7.116e-06
6.907e-06
6.917e-06
7.022e-06
7.317e-06
6.912e-06
6.849e-06
7.332e-06
6.873e-06
7.076e-06
7.135e-06
7.12e-06
6.874e-06
7.738e-06
7.199e-06
6.96e-06
6.91e-06
6.872e-06
7.187e-06
7.128e-06
7.061e-06
6.879e-06
7.216e-06
7.057e-06
6.915e-06
6.923e-06
7.283e-06
1.1196e-05
7.688e-06
7.256e-06
7.034e-06
6.986e-06
7.706e-06
7.196e-06
7.111e-06
7.016e-06
7.17e-06
7.519e-06
7.044e-06
7.218e-06
6.961e-06
7.223e-06
7.032e-06
6.924e-06
7.239e-06
7.075e-06
7.555e-06
7.077e-06
7.726e-06
7.407e-06
7.078e-06
7.011e-06
6.918e-06
7.189e-06
6.975e-06
7.258e-06
6.987e-06
7.124e-06
7.011e-06
6.9e-06
7.255e-06
6.963e-06
7.158e-06
7.021e-06
6.832e-06
6.961e-06
6.929e-06
7.082e-06
7.431e-06
6.93e-06
7.026e-06
7.878e-06
7.205e-06
6.961e-06
7.083e-06
7.218e-06
6.96e-06
6.926e-06
7.093e-06
7.346e-06
6.952e-06
6.956e-06
7.431e-06
7.118e-06
7.218e-06
7.078e-06
7.089e-06
7.377e-06
7.063e-06
7.103e-06
7.008e-06
7.121e-06
6.932e-06
7.107e-06
7.159e-06
6.938e-06
6.876e-06
7.282e-06
6.986e-06
7.47e-06
6.955e-06
6.99e-06
6.961e-06
7.329e-06
7.368e-06
7.007e-06
6.867e-06
6.93e-06
6.881e-06
6.912e-06
7.445e-06
7.242e-06
7.286e-06
7.02e-06
6.908e-06
6.949e-06
6.925e-06
7.24e-06
7.136e-06
6.877e-06
6.983e-06
1.172e-05
7.896e-06
7.079e-06
7.187e-06
7.479e-06
7.166e-06
6.892e-06
7.096e-06
7.128e-06
6.944e-06
6.873e-06
7.283e-06
7.325e-06
7.162e-06
6.981e-06
7.449e-06
7.501e-06
7.437e-06
7e-06
6.848e-06
6.842e-06
6.864e-06
6.927e-06
6.953e-06
6.861e-06
7.088e-06
6.971e-06
6.827e-06
7.046e-06
7.337e-06
6.806e-06
8.81e-06
7.574e-06
6.98e-06
6.89e-06
7.664e-06
7.292e-06
7.082e-06
7.266e-06
6.987e-06
7.1921e-05
1.326e-05
1.5525e-05
7.377e-06
7.259e-06
7.285e-06
7.416e-06
1.0374e-05
7.052e-06
7.233e-06
6.991e-06
7.398e-06
7.034e-06
7.434e-06
6.996e-06
7.027e-06
7.148e-06
6.939e-06
7.404e-06
7.252e-06
8.435e-06
7.506e-06
7.335e-06
7.079e-06
6.932e-06
6.921e-06
6.903e-06
6.947e-06
6.884e-06
6.938e-06
6.91e-06
6.964e-06
6.935e-06
6.937e-06
6.858e-06
6.943e-06
6.905e-06
6.922e-06
6.975e-06
6.882e-06
7.379e-06
8.32e-06
7.374e-06
1.0326e-05
8.4625e-05
1.4018e-05
1.1145e-05
7.271e-06
7.268e-06
7.439e-06
7.266e-06
1.0646e-05
7.045e-06
6.977e-06
6.92e-06
6.928e-06
6.888e-06
6.914e-06
7.159e-06
6.968e-06
7.525e-06
7.111e-06
8.478e-06
7.124e-06
7.03e-06
6.984e-06
7.125e-06
7.291e-06
6.916e-06
1.0466e-05
7.425e-06
7.034e-06
6.944e-06
7.005e-06
7.09e-06
6.999e-06
6.867e-06
7.483e-06
7.119e-06
6.928e-06
6.968e-06
7.217e-06
7.103e-06
8.491e-06
7.288e-06
6.967e-06
6.959e-06
7.106e-06
6.973e-06
7.064e-06
7.137e-06
7.003e-06
7.018e-06
6.96e-06
7.01e-06
1.0532e-05
7.392e-06
7.04e-06
6.879e-06
7.01e-06
7.019e-06
6.884e-06
6.907e-06
6.92e-06
8.525e-06
7.074e-06
6.893e-06
7.322e-06
7.191e-06
7.029e-06
7.035e-06
6.916e-06
6.927e-06
7.129e-06
6.983e-06
6.999e-06
6.889e-06
6.949e-06
6.897e-06
7.522e-06
7.155e-06
1.0341e-05
7.394e-06
7.004e-06
7.004e-06
8.393e-06
7.156e-06
7.01e-06
1.2074e-05
7.284e-06
7.032e-06
7.307e-06
6.939e-06
6.895e-06
7.06e-06
6.913e-06
7.064e-06
6.9e-06
6.836e-06
7.066e-06
6.899e-06
7.192e-06
7.119e-06
6.979e-06
6.94e-06
7.073e-06
8.444e-06
1.0393e-05
7.582e-06
7.106e-06
6.957e-06
6.983e-06
7.044e-06
6.997e-06
6.993e-06
7.036e-06
7.119e-06
7.393e-06
6.927e-06
6.976e-06
6.962e-06
7.01e-06
7.055e-06
6.966e-06
7.521e-06
7.02e-06
6.885e-06
8.465e-06
7.163e-06
7.106e-06
7.197e-06
7.175e-06
7.368e-06
1.0528e-05
7.689e-06
7.071e-06
6.995e-06
7.031e-06
7.227e-06
7.346e-06
7.018e-06
7.185e-06
7.155e-06
6.892e-06
6.934e-06
6.992e-06
7.113e-06
6.958e-06
8.63e-06
7.078e-06
6.939e-06
6.957e-06
7.394e-06
7.069e-06
7.054e-06
7.2e-06
7.098e-06
7.08e-06
6.885e-06
1.0377e-05
7.428e-06
7.41e-06
7.08e-06
7.083e-06
7.028e-06
7.03e-06
7.21e-06
7.097e-06
6.9e-06
8.516e-06
7.206e-06
6.957e-06
6.978e-06
6.914e-06
7.093e-06
7.059e-06
6.927e-06
6.909e-06
6.976e-06
6.982e-06
1.6215e-05
8.745e-06
7.648e-06
6.976e-06
6.981e-06
1.0823e-05
7.588e-06
7.102e-06
7.118e-06
7.453e-06
8.503e-06
7.259e-06
7.017e-06
7.039e-06
7.423e-06
7.246e-06
7.241e-06
6.938e-06
7.13e-06
6.97e-06
6.961e-06
6.888e-06
7.008e-06
7.191e-06
7.087e-06
7.031e-06
7.658e-06
7.171e-06
7.111e-06
6.981e-06
7.171e-06
1.45e-05
7.867e-06
7.361e-06
7.586e-06
7.778e-06
7.457e-06
7.439e-06
7.246e-06
7.217e-06
7.305e-06
7.249e-06
7.292e-06
1.0196e-05
7.066e-06
7.349e-06
6.954e-06
6.95e-06
6.923e-06
6.876e-06
6.942e-06
7.226e-06
8.24e-06
7.123e-06
6.936e-06
7.007e-06
6.925e-06
1.0342e-05
7.431e-06
7.379e-06
6.969e-06
7.019e-06
7.017e-06
6.962e-06
7.002e-06
8.432e-06
7.127e-06
6.982e-06
6.959e-06
6.952e-06
6.988e-06
6.93e-06
6.948e-06
8.198e-06
7.089e-06
6.998e-06
7.087e-06
6.931e-06
7.127e-06
7.096e-06
7.012e-06
7.097e-06
6.928e-06
1.0502e-05
7.539e-06
7.079e-06
7.002e-06
7.101e-06
6.975e-06
7.018e-06
6.996e-06
1.4506e-05
7.699e-06
7.238e-06
8.858e-06
7.375e-06
1.008e-05
8.36e-06
7.188e-06
6.934e-06
6.904e-06
6.929e-06
7.076e-06
7.069e-06
7.101e-06
7.014e-06
7.001e-06
6.898e-06
6.958e-06
1.0286e-05
7.365e-06
6.961e-06
6.92e-06
6.89e-06
6.892e-06
8.234e-06
7.064e-06
6.92e-06
6.93e-06
6.954e-06
6.986e-06
6.891e-06
6.952e-06
6.855e-06
6.902e-06
6.92e-06
6.916e-06
6.884e-06
6.9e-06
8.306e-06
7.15e-06
6.988e-06
6.934e-06
6.909e-06
6.906e-06
1.0387e-05
8.573e-06
7.196e-06
6.877e-06
6.839e-06
6.925e-06
6.902e-06
7.05e-06
7.017e-06
7.021e-06
7.106e-06
6.937e-06
6.992e-06
6.927e-06
7.004e-06
7.074e-06
7.09e-06
6.981e-06
6.991e-06
6.94e-06
6.961e-06
6.907e-06
1.0266e-05
7.266e-06
6.924e-06
6.92e-06
1.1252e-05
7.505e-06
6.982e-06
6.987e-06
7.115e-06
6.98e-06
6.913e-06
6.926e-06
6.955e-06
6.944e-06
6.999e-06
6.934e-06
1.148e-05
7.365e-06
6.938e-06
6.961e-06
6.935e-06
8.498e-06
7.048e-06
6.883e-06
6.937e-06
6.934e-06
8.784e-06
7.236e-06
6.974e-06
7.065e-06
1.0591e-05
7.296e-06
7.015e-06
6.971e-06
6.929e-06
6.974e-06
8.424e-06
7.102e-06
7.047e-06
7.067e-06
6.966e-06
7.019e-06
7.976e-06
7.108e-06
6.988e-06
7.006e-06
7.003e-06
6.971e-06
6.966e-06
6.956e-06
6.936e-06
6.912e-06
6.967e-06
6.994e-06
6.91e-06
7.067e-06
1.0605e-05
7.503e-06
7.212e-06
6.931e-06
6.987e-06
6.914e-06
6.909e-06
8.395e-06
7.309e-06
7.089e-06
6.901e-06
6.931e-06
8.613e-06
7.18e-06
7.064e-06
7.056e-06
6.937e-06
6.959e-06
6.983e-06
6.905e-06
6.894e-06
6.994e-06
7.141e-06
7.103e-06
6.909e-06
7.004e-06
1.5214e-05
7.854e-06
8.244e-06
7.134e-06
6.966e-06
7.1e-06
7.02e-06
7.027e-06
7.006e-06
7.04e-06
7.128e-06
7.006e-06
7.045e-06
6.969e-06
6.97e-06
6.987e-06
7.064e-06
7.11e-06
8.581e-06
7.142e-06
6.941e-06
6.958e-06
7.044e-06
8.339e-06
1.1885e-05
7.713e-06
1.3798e-05
7.705e-06
7.149e-06
7.011e-06
7.011e-06
6.99e-06
6.963e-06
6.941e-06
7.108e-06
6.96e-06
7.051e-06
7.027e-06
7.02e-06
6.97e-06
6.975e-06
6.871e-06
7.014e-06
6.961e-06
8.221e-06
6.997e-06
6.958e-06
6.998e-06
6.973e-06
7.036e-06
8.616e-06
7.201e-06
1.3443e-05
7.701e-06
7.024e-06
6.963e-06
6.82e-06
6.973e-06
7.152e-06
7.092e-06
7.062e-06
6.966e-06
7.083e-06
6.924e-06
7.013e-06
8.35e-06
7.097e-06
7.006e-06
6.993e-06
6.964e-06
7.084e-06
7.017e-06
6.95e-06
6.991e-06
7.193e-06
6.988e-06
7.076e-06
7.111e-06
1.3649e-05
7.831e-06
7.033e-06
7.007e-06
8.95e-06
7.143e-06
6.88e-06
6.92e-06
8.08e-06
7.08e-06
6.937e-06
6.97e-06
7.003e-06
7.116e-06
7.193e-06
7.006e-06
6.866e-06
6.955e-06
7.169e-06
7.005e-06
7.093e-06
7.084e-06
6.949e-06
7.039e-06
7.134e-06
7.091e-06
1.4713e-05
7.829e-06
7.131e-06
8.297e-06
7.118e-06
7.032e-06
7.026e-06
6.932e-06
7.082e-06
7.088e-06
8.684e-06
0.0001123
1.4765e-05
7.458e-06
7.281e-06
7.307e-06
7.484e-06
7.392e-06
7.221e-06
7.235e-06
7.336e-06
7.313e-06
7.3e-06
7.317e-06
7.767e-06
7.274e-06
7.713e-06
7.256e-06
7.467e-06
7.359e-06
7.306e-06
7.314e-06
7.365e-06
7.403e-06
7.357e-06
7.627e-06
7.776e-06
7.596e-06
7.234e-06
7.447e-06
7.522e-06
7.298e-06
1.0584e-05
7.192e-06
7.06e-06
7.153e-06
7.023e-06
7.012e-06
6.995e-06
7.021e-06
7.359e-06
6.992e-06
7.194e-06
7.292e-06
6.911e-06
6.911e-06
7.368e-06
7.484e-06
7.234e-06
7.122e-06
7.068e-06
7.015e-06
7.118e-06
7.115e-06
7.053e-06
6.992e-06
7.104e-06
6.999e-06
6.967e-06
7.025e-06
6.922e-06
7.057e-06
7.078e-06
7.108e-06
7.169e-06
7.194e-06
7.063e-06
7.326e-06
8.4e-06
7.337e-06
7.08e-06
7.271e-06
7.174e-06
7.22e-06
7.286e-06
7.637e-06
7.309e-06
7.215e-06
7.009e-06
7.16e-06
7.002e-06
7.79e-06
7.627e-06
1.1612e-05
8.129e-06
7.633e-06
7.299e-06
7.14e-06
7.066e-06
7.122e-06
7.105e-06
7.476e-06
7.212e-06
7.097e-06
7.354e-06
7.011e-06
6.96e-06
7.274e-06
7.052e-06
6.987e-06
7.47e-06
7.334e-06
7.434e-06
7.139e-06
7.348e-06
7.465e-06
7.161e-06
7.096e-06
7.354e-06
7.741e-06
7.252e-06
7.229e-06
7.07e-06
7.055e-06
7.099e-06
7.498e-06
7.148e-06
7.433e-06
7.423e-06
7.185e-06
7.098e-06
7.005e-06
6.926e-06
7.02e-06
7.455e-06
7.274e-06
7.054e-06
7.072e-06
6.99e-06
7.261e-06
7.125e-06
7.399e-06
7.263e-06
7.516e-06
7.426e-06
7.304e-06
7.373e-06
7.054e-06
7.274e-06
7.022e-06
6.946e-06
7.106e-06
8.309e-06
7.052e-06
7.095e-06
7.072e-06
6.941e-06
7.045e-06
7.168e-06
7.266e-06
7.034e-06
6.947e-06
7.2e-06
7.081e-06
6.973e-06
7.202e-06
7.364e-06
7.019e-06
7.218e-06
7.003e-06
6.885e-06
6.965e-06
7.316e-06
8.507e-06
7.658e-06
7.081e-06
6.982e-06
7.26e-06
7.122e-06
7.635e-06
7.046e-06
7.369e-06
7.008e-06
7.037e-06
7.324e-06
7.153e-06
1.1044e-05
7.634e-06
7.437e-06
7.011e-06
7.303e-06
7.314e-06
7.024e-06
6.987e-06
8.317e-06
7.138e-06
7.375e-06
7.179e-06
7.188e-06
7.266e-06
6.98e-06
6.933e-06
6.971e-06
7.286e-06
6.913e-06
6.985e-06
7.176e-06
6.969e-06
6.996e-06
6.848e-06
7.248e-06
7.167e-06
6.916e-06
7.35e-06
7.264e-06
8.254e-06
7.075e-06
6.929e-06
7.005e-06
6.983e-06
7.18e-06
7.082e-06
7.613e-06
7.18e-06
6.958e-06
7.059e-06
6.924e-06
7.259e-06
6.965e-06
7.156e-06
7.304e-06
6.987e-06
6.91e-06
7.146e-06
6.995e-06
6.9e-06
8.324e-06
7.189e-06
7.426e-06
7.194e-06
7.328e-06
6.99e-06
6.944e-06
6.988e-06
7.294e-06
7.052e-06
7.316e-06
7.097e-06
6.944e-06
6.982e-06
6.94e-06
6.95e-06
7.181e-06
7.014e-06
8.887e-06
7.179e-06
7.078e-06
8.369e-06
7.085e-06
7.19e-06
7.396e-06
7.051e-06
6.98e-06
7.485e-06
7.052e-06
7.138e-06
6.997e-06
7.031e-06
7.117e-06
6.999e-06
7.301e-06
6.945e-06
7.138e-06
6.997e-06
6.914e-06
6.945e-06
6.929e-06
6.929e-06
8.19e-06
0.000101593
1.4016e-05
7.969e-06
8.008e-06
7.523e-06
7.276e-06
1.0404e-05
7.079e-06
6.995e-06
7.057e-06
7.044e-06
7.484e-06
7.067e-06
7.355e-06
7.058e-06
7.185e-06
7.213e-06
7.038e-06
7.158e-06
7.336e-06
8.554e-06
7.194e-06
7.259e-06
7.406e-06
7.251e-06
7.137e-06
7.013e-06
7.119e-06
6.973e-06
7.142e-06
7.052e-06
7.361e-06
7.05e-06
6.955e-06
6.994e-06
7.009e-06
7.231e-06
6.989e-06
6.959e-06
7.454e-06
7.189e-06
8.346e-06
3.1142e-05
7.748e-06
7.356e-06
7.308e-06
7.705e-06
7.428e-06
7.234e-06
1.0558e-05
7.033e-06
7.253e-06
7.001e-06
6.95e-06
7.235e-06
7.053e-06
7.408e-06
7.228e-06
7.029e-06
6.993e-06
6.971e-06
7.002e-06
8.154e-06
7.041e-06
7.217e-06
6.982e-06
6.98e-06
7.301e-06
7.097e-06
6.93e-06
6.847e-06
6.883e-06
6.9e-06
7.463e-06
7.267e-06
6.992e-06
7.007e-06
6.949e-06
6.863e-06
6.951e-06
7.31e-06
1.1209e-05
8.17e-06
8.445e-06
7.166e-06
7.222e-06
7.049e-06
7.166e-06
7.043e-06
7.281e-06
7.406e-06
7.097e-06
7.122e-06
7.2e-06
7.01e-06
7.113e-06
7.161e-06
7.369e-06
7.154e-06
7.114e-06
7.208e-06
7.256e-06
7.115e-06
6.937e-06
8.221e-06
6.989e-06
7.222e-06
7.128e-06
7.043e-06
6.957e-06
7.037e-06
7.36e-06
6.989e-06
6.924e-06
6.924e-06
7.202e-06
7.352e-06
6.997e-06
6.972e-06
6.995e-06
7.294e-06
6.967e-06
6.9e-06
6.944e-06
7.223e-06
8.297e-06
7.149e-06
7.019e-06
7.074e-06
7.01e-06
7.014e-06
7.405e-06
7.018e-06
7.378e-06
7.249e-06
7.094e-06
7.052e-06
7.003e-06
6.939e-06
6.956e-06
6.999e-06
6.954e-06
6.914e-06
7.008e-06
7.309e-06
7.287e-06
8.438e-06
7.143e-06
7.084e-06
7.257e-06
7.004e-06
6.971e-06
7.037e-06
7.364e-06
7.217e-06
7.033e-06
6.996e-06
6.959e-06
6.912e-06
7.02e-06
6.932e-06
7.165e-06
6.97e-06
6.982e-06
7.525e-06
6.928e-06
7.018e-06
8.247e-06
7.235e-06
6.936e-06
6.838e-06
6.951e-06
7.32e-06
7.471e-06
1.1158e-05
7.529e-06
7.215e-06
6.901e-06
7.063e-06
7.241e-06
7.504e-06
6.979e-06
7.172e-06
7.087e-06
7.018e-06
7.296e-06
6.949e-06
7.159e-06
8.571e-06
7.047e-06
7.184e-06
7.393e-06
7.235e-06
7.048e-06
6.95e-06
7.262e-06
6.974e-06
6.959e-06
7.429e-06
6.932e-06
6.964e-06
7.069e-06
7.169e-06
6.932e-06
7.008e-06
6.962e-06
7.501e-06
7.162e-06
7.334e-06
8.782e-06
7.247e-06
6.972e-06
7.207e-06
7.318e-06
7.165e-06
7.331e-06
7.296e-06
7.494e-06
7.215e-06
6.99e-06
7.124e-06
7.261e-06
7.152e-06
7.269e-06
7.277e-06
7.031e-06
7.334e-06
7.043e-06
6.97e-06
7.251e-06
8.371e-06
7.155e-06
7.007e-06
7.028e-06
6.885e-06
6.972e-06
6.995e-06
6.927e-06
7.017e-06
7.066e-06
7.018e-06
7.072e-06
6.956e-06
7.022e-06
7.362e-06
7.041e-06
6.868e-06
6.945e-06
7.291e-06
6.991e-06
7.231e-06
8.399e-06
7.12e-06
6.973e-06
6.956e-06
7.086e-06
7.018e-06
7.127e-06
7.071e-06
7.364e-06
7.035e-06
6.961e-06
6.991e-06
7.204e-06
7.097e-06
7.343e-06
6.967e-06
7.109e-06
0.000117665
8.446e-06
7.737e-06
7.21e-06
9.115e-06
7.448e-06
7.392e-06
7.376e-06
7.618e-06
7.346e-06
7.31e-06
7.873e-06
7.368e-06
7.487e-06
7.26e-06
7.743e-06
7.449e-06
7.36e-06
7.63e-06
7.204e-06
7.282e-06
7.334e-06
7.196e-06
7.176e-06
7.278e-06
8.018e-06
7.639e-06
7.349e-06
7.257e-06
7.181e-06
7.307e-06
7.122e-06
6.963e-06
6.969e-06
6.964e-06
7.029e-06
6.931e-06
7.011e-06
7.32e-06
7.133e-06
7.193e-06
7.194e-06
7.134e-06
7.105e-06
6.976e-06
7.039e-06
7.019e-06
7.302e-06
7.356e-06
7.147e-06
6.952e-06
7.028e-06
7.472e-06
6.994e-06
6.911e-06
6.938e-06
7.157e-06
7.266e-06
6.918e-06
7.063e-06
7.047e-06
6.995e-06
7.413e-06
6.99e-06
6.945e-06
6.975e-06
7.848e-06
7.158e-06
7.022e-06
6.972e-06
6.9e-06
6.965e-06
7.055e-06
6.888e-06
7.145e-06
7.187e-06
7.504e-06
7.143e-06
6.985e-06
6.87e-06
7.041e-06
7.036e-06
7.208e-06
7.92e-06
7.256e-06
7.53e-06
7.246e-06
7.203e-06
7.491e-06
7.434e-06
7.133e-06
7.245e-06
7.23e-06
7.109e-06
7.47e-06
7.081e-06
7.035e-06
7.096e-06
6.977e-06
7.316e-06
6.956e-06
7.2e-06
6.989e-06
6.969e-06
7.367e-06
7.567e-06
7.136e-06
7.008e-06
7.455e-06
7.21e-06
7.231e-06
7.059e-06
7.691e-06
7.4e-06
7.243e-06
6.971e-06
7.012e-06
7.114e-06
7.277e-06
7.191e-06
8.972e-06
7.62e-06
7.155e-06
7.28e-06
7.351e-06
7.073e-06
7.041e-06
7.333e-06
7.685e-06
7.05e-06
7.103e-06
6.993e-06
6.968e-06
7.436e-06
7.113e-06
7.282e-06
7.236e-06
7.335e-06
7.025e-06
7.149e-06
7.157e-06
7.534e-06
7.327e-06
7.064e-06
6.885e-06
8.18e-06
7.251e-06
7.267e-06
7.021e-06
6.969e-06
6.969e-06
7.382e-06
7.002e-06
7.363e-06
7.249e-06
7.122e-06
7.348e-06
7.158e-06
7.17e-06
7.152e-06
7.414e-06
7.47e-06
7.263e-06
7.043e-06
7.638e-06
7.21e-06
7.11e-06
6.98e-06
7.014e-06
6.926e-06
6.928e-06
6.963e-06
7.188e-06
6.98e-06
7.078e-06
8.382e-06
7.171e-06
6.956e-06
7.25e-06
7.204e-06
7.104e-06
6.921e-06
7.411e-06
7.108e-06
7.315e-06
6.928e-06
7.214e-06
7.704e-06
7.139e-06
6.943e-06
7.136e-06
7.178e-06
7.434e-06
7.293e-06
7.064e-06
7.203e-06
7.237e-06
7.199e-06
7.015e-06
7.544e-06
7.014e-06
7.168e-06
7.008e-06
7.303e-06
7.682e-06
7.03e-06
7.154e-06
7.189e-06
7.276e-06
7.464e-06
7.289e-06
7.238e-06
7.066e-06
7.183e-06
7.268e-06
7.159e-06
7.301e-06
7.008e-06
7.259e-06
7.224e-06
7.572e-06
6.999e-06
7.431e-06
7.499e-06
7.218e-06
6.937e-06
7.109e-06
7.014e-06
6.996e-06
7.269e-06
7.013e-06
7.349e-06
7.015e-06
7.148e-06
7.702e-06
7.231e-06
7.271e-06
7.034e-06
6.939e-06
6.974e-06
7.602e-06
7.339e-06
7.152e-06
7.133e-06
7.102e-06
7.32e-06
7.217e-06
7.041e-06
7.324e-06
7.097e-06
7.002e-06
6.958e-06
7.217e-06
6.95e-06
7.127e-06
6.907e-06
7.347e-06
7.034e-06
6.947e-06
7.678e-06
7.113e-06
7.073e-06
7.369e-06
7.298e-06
7.448e-06
7.02e-06
7.008e-06
7.052e-06
7.16e-06
0.000107316
1.3699e-05
7.997e-06
7.433e-06
7.571e-06
7.597e-06
7.672e-06
7.486e-06
7.238e-06
7.381e-06
7.411e-06
7.342e-06
7.298e-06
7.747e-06
7.579e-06
7.346e-06
7.271e-06
7.379e-06
7.269e-06
7.678e-06
7.314e-06
7.235e-06
7.684e-06
7.296e-06
7.948e-06
7.435e-06
1.0202e-05
7.005e-06
7.003e-06
6.945e-06
6.948e-06
7.329e-06
6.971e-06
7.179e-06
6.944e-06
6.873e-06
6.939e-06
6.99e-06
6.989e-06
6.891e-06
7.414e-06
7.346e-06
7.001e-06
7.004e-06
7.394e-06
7.119e-06
7.341e-06
7.287e-06
7.148e-06
7.357e-06
7.238e-06
7.035e-06
7.236e-06
7.162e-06
7.344e-06
6.937e-06
7.135e-06
7.048e-06
6.856e-06
7.044e-06
7.017e-06
7.018e-06
7.321e-06
6.98e-06
7.172e-06
7.042e-06
7.02e-06
7.091e-06
7.012e-06
6.944e-06
7.381e-06
6.959e-06
6.966e-06
7.093e-06
7.011e-06
7.091e-06
6.975e-06
6.903e-06
6.923e-06
6.919e-06
7.336e-06
6.984e-06
7.031e-06
6.897e-06
1.1813e-05
7.646e-06
7.779e-06
7.324e-06
7.035e-06
7.113e-06
6.883e-06
7.048e-06
7.126e-06
7.48e-06
7.225e-06
7.291e-06
7.05e-06
7.197e-06
7.148e-06
7.088e-06
6.987e-06
7.131e-06
7.004e-06
6.955e-06
6.909e-06
7.284e-06
7.141e-06
7.134e-06
7.281e-06
7.192e-06
7.182e-06
7.321e-06
7.792e-06
7.505e-06
7.019e-06
7.058e-06
7.047e-06
7.086e-06
7.432e-06
7.213e-06
7.109e-06
7.063e-06
7.06e-06
7.009e-06
7.215e-06
6.999e-06
6.961e-06
6.981e-06
7.346e-06
6.979e-06
6.947e-06
7.107e-06
7.013e-06
7.191e-06
7.05e-06
7.292e-06
7.019e-06
7.235e-06
6.934e-06
6.903e-06
7.028e-06
7.342e-06
7.612e-06
7.209e-06
7.328e-06
7.136e-06
7.448e-06
7.22e-06
7.286e-06
7.151e-06
7.293e-06
7.17e-06
7.218e-06
8.426e-06
7.119e-06
7.05e-06
7.071e-06
6.925e-06
6.95e-06
7.066e-06
7.07e-06
7.321e-06
7.05e-06
7.181e-06
7.007e-06
6.994e-06
6.963e-06
7.026e-06
6.928e-06
6.916e-06
7.457e-06
7.011e-06
7.213e-06
7.171e-06
9.447e-06
7.191e-06
7.13e-06
1.1258e-05
7.883e-06
7.067e-06
7.062e-06
7.014e-06
6.965e-06
7.275e-06
7.22e-06
6.952e-06
6.97e-06
6.966e-06
6.979e-06
7.283e-06
7.045e-06
6.956e-06
7.22e-06
6.925e-06
7.046e-06
8.176e-06
6.991e-06
7.034e-06
6.96e-06
7.164e-06
7.401e-06
7.047e-06
7.221e-06
7.173e-06
6.98e-06
6.994e-06
6.986e-06
7.024e-06
7.057e-06
7.028e-06
7.397e-06
6.978e-06
6.932e-06
6.945e-06
7.211e-06
7.029e-06
8.191e-06
7.227e-06
7.2e-06
7.061e-06
6.986e-06
7.166e-06
6.927e-06
7.083e-06
7.649e-06
7.353e-06
6.988e-06
7.158e-06
6.997e-06
6.932e-06
7.034e-06
7.679e-06
7.037e-06
6.962e-06
6.954e-06
7.031e-06
7.072e-06
8.144e-06
7.068e-06
7.106e-06
7.187e-06
7.37e-06
7.04e-06
7.314e-06
7.044e-06
6.995e-06
6.974e-06
6.987e-06
6.966e-06
7.203e-06
6.929e-06
7.08e-06
6.985e-06
7.002e-06
6.929e-06
6.968e-06
6.958e-06
6.956e-06
8.206e-06
7.135e-06
6.87e-06
6.917e-06
6.96e-06
6.982e-06
8.727e-06
7.198e-06
7e-06
7.317e-06
7.011e-06
7.369e-06
7.031e-06
0.000112494
1.5604e-05
7.328e-06
7.332e-06
7.297e-06
7.354e-06
7.312e-06
7.23e-06
8.867e-06
7.651e-06
7.364e-06
7.242e-06
7.381e-06
7.266e-06
7.258e-06
7.177e-06
7.224e-06
7.821e-06
7.382e-06
7.2e-06
1.033e-05
6.999e-06
6.93e-06
6.929e-06
6.932e-06
6.893e-06
6.952e-06
6.965e-06
7.081e-06
7.518e-06
6.974e-06
7.142e-06
7.137e-06
6.943e-06
7.087e-06
6.973e-06
6.981e-06
7.286e-06
6.952e-06
6.958e-06
6.996e-06
7.019e-06
7.084e-06
7.383e-06
7.027e-06
7.673e-06
7.193e-06
7.013e-06
7.085e-06
6.962e-06
6.867e-06
7.021e-06
7.598e-06
7.211e-06
7.232e-06
7.123e-06
7.131e-06
7.248e-06
7.115e-06
7.397e-06
7.366e-06
7.097e-06
7.134e-06
7.239e-06
7.207e-06
7.138e-06
7.096e-06
7.446e-06
7.424e-06
7.178e-06
6.899e-06
6.85e-06
7.035e-06
7.156e-06
6.991e-06
7.306e-06
7.239e-06
6.921e-06
7.216e-06
6.892e-06
6.91e-06
7.147e-06
7.09e-06
1.554e-05
7.496e-06
8.084e-06
7.406e-06
7.261e-06
7.235e-06
7.367e-06
7.263e-06
7.263e-06
7.61e-06
7.188e-06
7.407e-06
7.597e-06
7.061e-06
6.908e-06
7.282e-06
7.195e-06
7.185e-06
6.968e-06
7.158e-06
7.214e-06
7.104e-06
6.931e-06
7.228e-06
7.365e-06
7.837e-06
7.226e-06
6.967e-06
7.216e-06
6.993e-06
6.936e-06
6.944e-06
6.862e-06
6.857e-06
7.018e-06
7.525e-06
6.929e-06
7.128e-06
7.123e-06
7e-06
7.219e-06
7.195e-06
7.142e-06
7.3e-06
7.075e-06
7.077e-06
7.045e-06
7.113e-06
7.086e-06
7.03e-06
6.936e-06
7.295e-06
7.173e-06
7.279e-06
7.189e-06
6.928e-06
7.716e-06
7.2e-06
7.368e-06
7.032e-06
8.464e-06
7.544e-06
7.272e-06
7.592e-06
7.441e-06
7.351e-06
7.659e-06
7.766e-06
7.361e-06
7.252e-06
7.048e-06
7.196e-06
7.254e-06
7.094e-06
7.751e-06
7.305e-06
7.162e-06
7.209e-06
6.985e-06
6.892e-06
6.921e-06
7.278e-06
6.953e-06
7.102e-06
6.999e-06
7.023e-06
6.92e-06
7.142e-06
7.35e-06
6.966e-06
1.1222e-05
7.855e-06
6.997e-06
7.874e-06
7.022e-06
6.958e-06
7.203e-06
7.32e-06
7.135e-06
6.987e-06
6.931e-06
7e-06
6.975e-06
7.055e-06
7.099e-06
7.395e-06
6.976e-06
7.098e-06
7.358e-06
7.356e-06
7.098e-06
7.171e-06
6.994e-06
6.947e-06
6.971e-06
6.961e-06
8.218e-06
7.119e-06
7.286e-06
7.259e-06
6.986e-06
7.088e-06
6.947e-06
6.888e-06
6.942e-06
7.139e-06
7.598e-06
6.952e-06
7.022e-06
7.196e-06
7.05e-06
7.017e-06
6.998e-06
7.286e-06
7.007e-06
6.904e-06
7.006e-06
8.31e-06
7.123e-06
7.268e-06
7.608e-06
7.149e-06
7.338e-06
7.254e-06
7.047e-06
6.946e-06
7.298e-06
7.052e-06
7.154e-06
7.33e-06
7.319e-06
7.477e-06
7.125e-06
7.115e-06
7.135e-06
7.224e-06
6.963e-06
6.952e-06
8.312e-06
7.15e-06
6.967e-06
6.98e-06
7.175e-06
7.129e-06
7.007e-06
7.287e-06
7.371e-06
6.949e-06
6.957e-06
7.012e-06
7.039e-06
7.052e-06
7.322e-06
7.078e-06
7.033e-06
7.204e-06
7.326e-06
6.954e-06
7.139e-06
8.216e-06
7.074e-06
6.938e-06
6.991e-06
7.023e-06
3.3571e-05
8.217e-06
7.359e-06
7.248e-06
7.404e-06
7.778e-06
7.483e-06
7.342e-06
7.839e-06
7.351e-06
7.532e-06
7.379e-06
7.739e-06
7.32e-06
7.368e-06
7.691e-06
7.706e-06
7.395e-06
1.0169e-05
7.082e-06
7.016e-06
6.984e-06
6.971e-06
7.417e-06
7.488e-06
7.082e-06
6.943e-06
6.899e-06
7.178e-06
7.156e-06
7.395e-06
6.961e-06
6.904e-06
7.942e-06
7.132e-06
7.048e-06
7.494e-06
7.438e-06
7.236e-06
7.248e-06
7.006e-06
7.199e-06
7.241e-06
7.04e-06
7.4e-06
7.297e-06
7.243e-06
7.152e-06
7.452e-06
7.5e-06
7.111e-06
6.981e-06
7.314e-06
7.172e-06
6.954e-06
7.259e-06
7.159e-06
6.992e-06
7.147e-06
7.28e-06
7.154e-06
7.13e-06
7.008e-06
7e-06
6.977e-06
7.509e-06
7.056e-06
7.199e-06
7.531e-06
7.05e-06
6.945e-06
7.083e-06
7.266e-06
7.042e-06
6.99e-06
7.051e-06
7.005e-06
7.196e-06
7.169e-06
7.099e-06
7.31e-06
7.051e-06
7.139e-06
7.072e-06
6.964e-06
7.511e-06
7.64e-06
7.431e-06
7.306e-06
7.177e-06
7.057e-06
7.004e-06
1.858e-05
7.566e-06
7.042e-06
7.083e-06
7.281e-06
7.281e-06
7.553e-06
7.404e-06
7.501e-06
7.223e-06
7.559e-06
6.982e-06
6.981e-06
7.124e-06
7.024e-06
7.588e-06
7.243e-06
7.182e-06
7.087e-06
7.262e-06
7.141e-06
7.121e-06
7.313e-06
7.003e-06
7.081e-06
7.233e-06
7.648e-06
7.263e-06
7.186e-06
7.016e-06
7.222e-06
7.268e-06
7.073e-06
6.96e-06
7.074e-06
7.335e-06
7.077e-06
7.408e-06
7.298e-06
7.032e-06
6.97e-06
6.989e-06
6.946e-06
7.011e-06
7.058e-06
7.012e-06
7.235e-06
7.236e-06
9.442e-06
7.355e-06
7.39e-06
7.19e-06
7.348e-06
7.034e-06
7.281e-06
7.334e-06
7.802e-06
7.83e-06
7.078e-06
7.063e-06
7.231e-06
6.953e-06
7.009e-06
7.052e-06
6.976e-06
7.055e-06
7.047e-06
7.119e-06
7.14e-06
6.98e-06
7.122e-06
7.358e-06
7.227e-06
7.573e-06
7.291e-06
7.075e-06
7.287e-06
7.15e-06
7.231e-06
7.236e-06
7.184e-06
7.48e-06
7.725e-06
7.291e-06
7.122e-06
7.185e-06
7.064e-06
7.085e-06
7.442e-06
7.188e-06
7.083e-06
1.2089e-05
7.777e-06
7.405e-06
7.098e-06
7.322e-06
6.993e-06
7.037e-06
7.087e-06
7.347e-06
6.964e-06
6.952e-06
7.141e-06
7.051e-06
7.321e-06
7.229e-06
7.281e-06
7.016e-06
7.064e-06
7.27e-06
7.124e-06
7.285e-06
6.974e-06
7.008e-06
6.99e-06
7.311e-06
7.029e-06
7.071e-06
7.014e-06
7.242e-06
7.013e-06
6.958e-06
7.739e-06
7.186e-06
7.023e-06
6.963e-06
7.097e-06
6.945e-06
7.523e-06
7.066e-06
7.268e-06
7.113e-06
7.011e-06
7.239e-06
7.261e-06
7.387e-06
7.368e-06
7.201e-06
7.071e-06
7.282e-06
7.031e-06
7.241e-06
7.346e-06
7.417e-06
7.201e-06
6.942e-06
7.123e-06
7.086e-06
7.458e-06
6.971e-06
7.294e-06
8.521e-06
7.325e-06
7.384e-06
6.975e-06
6.887e-06
6.955e-06
6.943e-06
6.954e-06
6.899e-06
6.969e-06
7.478e-06
7.16e-06
6.999e-06
7.234e-06
7.016e-06
6.99e-06
7.261e-06
7.344e-06
7.209e-06
7.026e-06
7.172e-06
8.231e-06
7.255e-06
7.374e-06
7.207e-06
7.4e-06
7.21e-06
7.035e-06
7.013e-06
6.889e-06
7.363e-06
7.022e-06
7.193e-06
6.971e-06
1.4615e-05
1.2101e-05
7.416e-06
7.424e-06
7.657e-06
1.0251e-05
7.488e-06
7.114e-06
8.51e-06
7.022e-06
6.989e-06
7.028e-06
7.183e-06
7.439e-06
7.061e-06
7.121e-06
6.976e-06
7.036e-06
7.279e-06
7.067e-06
7.32e-06
7.014e-06
7.237e-06
6.896e-06
6.972e-06
6.991e-06
6.93e-06
6.878e-06
6.969e-06
8.582e-06
7.524e-06
7.22e-06
7.309e-06
7.201e-06
7.037e-06
7.049e-06
7.034e-06
7.201e-06
6.981e-06
7.249e-06
6.989e-06
7.365e-06
7.203e-06
6.949e-06
6.959e-06
7.052e-06
7.009e-06
6.963e-06
6.985e-06
7.245e-06
8.217e-06
6.997e-06
7.302e-06
6.977e-06
6.986e-06
7.162e-06
6.953e-06
7.029e-06
6.96e-06
6.942e-06
6.943e-06
7.079e-06
7.424e-06
6.991e-06
6.971e-06
6.95e-06
7.7e-06
7.052e-06
7.272e-06
7.361e-06
7.258e-06
8.684e-06
7.183e-06
7.284e-06
7.267e-06
7.027e-06
7.075e-06
7.075e-06
7.322e-06
7.025e-06
7.366e-06
7.408e-06
6.92e-06
1.1132e-05
7.677e-06
7.273e-06
6.975e-06
6.927e-06
7.263e-06
6.964e-06
6.863e-06
6.96e-06
8.679e-06
7.079e-06
7.102e-06
7.757e-06
7.151e-06
7.261e-06
7.248e-06
6.96e-06
6.989e-06
7.067e-06
6.869e-06
7.298e-06
7.116e-06
6.97e-06
7.056e-06
7.209e-06
7.039e-06
7.057e-06
6.941e-06
6.902e-06
7.304e-06
8.326e-06
7.138e-06
7.445e-06
7.102e-06
7.025e-06
7.183e-06
6.887e-06
7.011e-06
7.052e-06
6.987e-06
7.035e-06
6.845e-06
6.955e-06
6.969e-06
6.96e-06
7.493e-06
6.874e-06
6.902e-06
7.112e-06
7.108e-06
6.958e-06
8.318e-06
7.174e-06
7.006e-06
7.335e-06
6.913e-06
7.025e-06
7.154e-06
7.054e-06
6.909e-06
6.935e-06
6.886e-06
7.023e-06
7.214e-06
7.009e-06
6.939e-06
7.007e-06
7.046e-06
7.009e-06
7.013e-06
7.419e-06
7.054e-06
8.347e-06
7.012e-06
7.152e-06
7.094e-06
7.153e-06
7.392e-06
7.458e-06
7.204e-06
7.201e-06
7.313e-06
6.969e-06
6.979e-06
7.034e-06
7.125e-06
6.972e-06
6.968e-06
7.444e-06
7.216e-06
6.989e-06
7.16e-06
7.141e-06
8.252e-06
8.176e-06
7.097e-06
6.99e-06
7.433e-06
6.973e-06
6.944e-06
7.228e-06
6.946e-06
7.008e-06
6.918e-06
6.991e-06
6.864e-06
6.921e-06
6.837e-06
6.936e-06
6.99e-06
7.013e-06
7.004e-06
6.968e-06
6.945e-06
8.511e-06
7.096e-06
6.985e-06
7.005e-06
6.963e-06
6.959e-06
7.057e-06
7.439e-06
6.952e-06
7.201e-06
7.367e-06
6.965e-06
7.06e-06
6.875e-06
6.955e-06
7.102e-06
7.266e-06
7.251e-06
6.94e-06
7.285e-06
7.007e-06
8.458e-06
7.423e-06
7.161e-06
7.216e-06
7.196e-06
7.037e-06
7.033e-06
6.978e-06
6.998e-06
6.953e-06
7.007e-06
7.083e-06
7.017e-06
6.932e-06
6.997e-06
6.991e-06
6.862e-06
6.903e-06
7.362e-06
6.945e-06
6.959e-06
8.222e-06
7.116e-06
7.564e-06
7.067e-06
7.213e-06
6.977e-06
7.252e-06
6.978e-06
7.003e-06
7.29e-06
7.047e-06
6.893e-06
7.183e-06
6.901e-06
6.883e-06
6.91e-06
6.88e-06
6.891e-06
6.978e-06
7.508e-06
7.068e-06
8.371e-06
7.021e-06
7.08e-06
6.969e-06
7.145e-06
7.082e-06
6.956e-06
7.055e-06
7.075e-06
7.379e-06
7.16e-06
0.000103337
1.4037e-05
7.625e-06
7.222e-06
9.578e-06
8.072e-06
7.469e-06
7.599e-06
7.423e-06
7.474e-06
7.691e-06
7.306e-06
7.451e-06
1.0698e-05
7.251e-06
7.027e-06
7.275e-06
7.164e-06
7.202e-06
6.961e-06
7.058e-06
6.962e-06
7.026e-06
6.958e-06
7.24e-06
7.25e-06
7.491e-06
7.104e-06
7.667e-06
7.205e-06
7.237e-06
7.021e-06
7.285e-06
6.975e-06
7.595e-06
7.219e-06
7.119e-06
7.013e-06
7.021e-06
7.266e-06
6.998e-06
7.027e-06
7.472e-06
7.405e-06
7.062e-06
7.362e-06
7.268e-06
7.262e-06
7.018e-06
6.994e-06
7.735e-06
7.514e-06
7.266e-06
7.207e-06
7.271e-06
7.096e-06
6.984e-06
7.782e-06
7.154e-06
7.401e-06
7.211e-06
6.971e-06
6.988e-06
6.91e-06
6.981e-06
7.617e-06
7.147e-06
7.355e-06
7.154e-06
7.842e-06
7.183e-06
7.173e-06
7.022e-06
7.346e-06
7.419e-06
7.176e-06
6.946e-06
7.28e-06
7.291e-06
7.227e-06
7.148e-06
7.351e-06
1.2067e-05
8.012e-06
7.172e-06
7.161e-06
7.061e-06
7.78e-06
7.414e-06
7.302e-06
7.251e-06
7.405e-06
7.248e-06
7.33e-06
7.466e-06
7.002e-06
6.961e-06
6.922e-06
7.114e-06
7.261e-06
6.988e-06
6.975e-06
7.055e-06
7.07e-06
6.987e-06
7.086e-06
7.019e-06
7.275e-06
7.951e-06
7.008e-06
7.065e-06
7.206e-06
7.037e-06
7.125e-06
7.305e-06
7.495e-06
7.007e-06
7e-06
7.259e-06
7.007e-06
7.044e-06
7.187e-06
7.187e-06
7.14e-06
7.366e-06
7.687e-06
7.539e-06
7.066e-06
7.106e-06
7.267e-06
7.129e-06
7.434e-06
7.106e-06
7.456e-06
7.291e-06
6.999e-06
6.996e-06
7.365e-06
7.345e-06
7.034e-06
7.178e-06
7.131e-06
7.071e-06
7.792e-06
7.299e-06
7.439e-06
7.189e-06
7.034e-06
7.179e-06
7.002e-06
7.117e-06
7.169e-06
7.241e-06
7.203e-06
7.222e-06
7.124e-06
7.526e-06
7.288e-06
7.263e-06
6.917e-06
7.692e-06
7.261e-06
7.146e-06
7.212e-06
6.999e-06
7.096e-06
7.132e-06
7.162e-06
7.173e-06
7.155e-06
7.255e-06
7.038e-06
7.127e-06
7.392e-06
7.03e-06
7.153e-06
8.473e-06
7.096e-06
7.069e-06
7.517e-06
8.711e-06
7.201e-06
6.994e-06
7.175e-06
6.906e-06
7.004e-06
7.162e-06
6.947e-06
7.341e-06
7.014e-06
7.028e-06
7.048e-06
7.277e-06
7.228e-06
7.38e-06
7.431e-06
7.081e-06
7.009e-06
6.953e-06
6.933e-06
7.473e-06
8.507e-06
7.194e-06
6.992e-06
6.949e-06
7.032e-06
7.369e-06
7.167e-06
7.153e-06
7.123e-06
7.057e-06
6.949e-06
7.337e-06
7.072e-06
7.208e-06
7.074e-06
6.986e-06
7.059e-06
7.385e-06
7.355e-06
7.053e-06
7.03e-06
8.344e-06
7.12e-06
6.964e-06
6.93e-06
6.954e-06
6.989e-06
7.068e-06
7.432e-06
7.131e-06
7.322e-06
7.117e-06
7.111e-06
7.501e-06
7.165e-06
6.985e-06
6.998e-06
6.993e-06
7.079e-06
7.175e-06
6.991e-06
7.084e-06
8.41e-06
7.126e-06
1.4064e-05
1.2957e-05
7.363e-06
7.773e-06
7.308e-06
7.29e-06
7.527e-06
7.301e-06
7.567e-06
7.244e-06
7.078e-06
7.502e-06
6.961e-06
6.948e-06
0.000103954
1.5227e-05
8.28e-06
7.355e-06
7.478e-06
8.82e-06
7.508e-06
7.352e-06
7.306e-06
7.718e-06
7.491e-06
7.543e-06
7.361e-06
7.376e-06
7.267e-06
7.309e-06
7.351e-06
7.375e-06
7.3e-06
7.433e-06
7.234e-06
7.283e-06
7.583e-06
1.0276e-05
6.965e-06
7.264e-06
7.687e-06
7.043e-06
7.308e-06
7.201e-06
6.96e-06
6.969e-06
7.48e-06
7.179e-06
7.146e-06
7.314e-06
7.187e-06
7e-06
6.969e-06
7.425e-06
7.234e-06
7.133e-06
7.583e-06
7.132e-06
7.057e-06
7.09e-06
6.922e-06
6.942e-06
7.017e-06
6.954e-06
7.177e-06
7.342e-06
7.29e-06
6.935e-06
7.124e-06
7.041e-06
7.351e-06
7.021e-06
7.205e-06
7.3e-06
7.242e-06
6.976e-06
7.369e-06
7.13e-06
7.028e-06
7.021e-06
6.931e-06
6.963e-06
6.917e-06
6.985e-06
7.002e-06
7.185e-06
6.976e-06
7.024e-06
7.01e-06
7.37e-06
7.038e-06
6.863e-06
7.26e-06
7.066e-06
6.995e-06
7.847e-06
7.373e-06
7.147e-06
1.1722e-05
7.375e-06
7.153e-06
7.248e-06
7.029e-06
7.549e-06
7.102e-06
6.909e-06
6.958e-06
7.317e-06
7.284e-06
7.086e-06
7.287e-06
7.428e-06
7.113e-06
6.912e-06
6.85e-06
7.122e-06
6.918e-06
7.332e-06
6.864e-06
7.01e-06
6.966e-06
6.996e-06
6.94e-06
7.071e-06
6.856e-06
6.9e-06
7.198e-06
6.908e-06
7.073e-06
7.602e-06
7.13e-06
6.915e-06
7.469e-06
7.171e-06
7.018e-06
7.185e-06
7.134e-06
7.02e-06
6.996e-06
7.306e-06
6.988e-06
6.956e-06
7.07e-06
6.961e-06
6.918e-06
7.19e-06
7.096e-06
7.079e-06
7.336e-06
7.157e-06
7.082e-06
7.142e-06
6.965e-06
7.296e-06
7.11e-06
6.959e-06
6.949e-06
6.922e-06
6.863e-06
6.96e-06
7.052e-06
7.005e-06
6.909e-06
6.967e-06
7.159e-06
7.33e-06
6.929e-06
6.865e-06
6.841e-06
7.032e-06
6.835e-06
7.343e-06
7.125e-06
8.866e-06
7.297e-06
7.052e-06
7.356e-06
7.052e-06
7.006e-06
6.934e-06
6.994e-06
7.012e-06
7.17e-06
6.966e-06
7.344e-06
7.367e-06
7.068e-06
7.829e-06
7.224e-06
7.088e-06
7.276e-06
0.000199487
1.0008e-05
7.332e-06
7.177e-06
7.051e-06
7.115e-06
7.259e-06
7.578e-06
7.237e-06
7.151e-06
7.211e-06
7.093e-06
7.115e-06
7.374e-06
7.187e-06
7.584e-06
7.494e-06
7.305e-06
7.198e-06
7.3e-06
7.253e-06
7.29e-06
7.527e-06
7.146e-06
7.235e-06
7.154e-06
7.165e-06
7.534e-06
7.637e-06
7.181e-06
7.051e-06
7.203e-06
7.163e-06
7.161e-06
7.148e-06
7.427e-06
7.361e-06
7.001e-06
7.425e-06
7.232e-06
7.013e-06
7.024e-06
7.047e-06
7.065e-06
7.148e-06
7.399e-06
7.113e-06
7.186e-06
7.018e-06
7.191e-06
7.191e-06
7.32e-06
7.208e-06
7.302e-06
7.068e-06
7.204e-06
7.117e-06
7.71e-06
7.162e-06
7.459e-06
7.079e-06
7.221e-06
7.628e-06
7.246e-06
7.159e-06
7.159e-06
7.233e-06
7.147e-06
7.525e-06
7.292e-06
7.237e-06
7.417e-06
8.591e-06
7.188e-06
7.314e-06
0.000107074
1.5574e-05
7.511e-06
7.42e-06
7.748e-06
7.467e-06
7.266e-06
7.037e-06
6.949e-06
7.067e-06
7.467e-06
7.165e-06
6.969e-06
7.336e-06
7.083e-06
7.16e-06
7.075e-06
7.269e-06
9.598e-06
7.441e-06
7.01e-06
7.174e-06
7.376e-06
6.999e-06
7.08e-06
7.442e-06
7.164e-06
7.029e-06
7.26e-06
6.961e-06
6.997e-06
7.013e-06
7.259e-06
6.984e-06
6.943e-06
7.109e-06
7.152e-06
6.947e-06
6.902e-06
8.356e-06
7.296e-06
7.111e-06
7.26e-06
7.174e-06
7.152e-06
6.991e-06
7.173e-06
7.064e-06
7.245e-06
6.97e-06
7.075e-06
7.025e-06
6.927e-06
7.028e-06
6.938e-06
7.32e-06
6.987e-06
7.005e-06
7.15e-06
7.194e-06
8.426e-06
7.245e-06
6.986e-06
7.023e-06
7.454e-06
7.141e-06
7.098e-06
7.247e-06
7.346e-06
7.338e-06
6.962e-06
6.975e-06
7e-06
6.93e-06
7.067e-06
7.191e-06
6.924e-06
6.907e-06
6.923e-06
6.873e-06
6.918e-06
8.315e-06
7.061e-06
7.289e-06
8.015e-06
7.061e-06
6.99e-06
7.026e-06
6.98e-06
7.04e-06
7.288e-06
7.362e-06
7.213e-06
7.184e-06
6.893e-06
6.883e-06
6.938e-06
6.854e-06
7.072e-06
7.036e-06
7.01e-06
7.199e-06
8.488e-06
7.762e-06
6.923e-06
6.917e-06
7.292e-06
7.205e-06
7.122e-06
6.973e-06
7.23e-06
7.012e-06
7.365e-06
7.134e-06
7.055e-06
7.008e-06
7.201e-06
6.976e-06
7.007e-06
6.945e-06
7.262e-06
7.075e-06
7.066e-06
8.166e-06
7.108e-06
6.988e-06
7.048e-06
7.311e-06
7.016e-06
7.003e-06
7.193e-06
7.541e-06
7.036e-06
6.952e-06
7.095e-06
7.137e-06
7.27e-06
7.455e-06
7.156e-06
7.396e-06
7.068e-06
7.014e-06
6.993e-06
7.065e-06
8.573e-06
7.652e-06
7.447e-06
7.098e-06
7.073e-06
7.01e-06
7.001e-06
7.003e-06
6.997e-06
7.05e-06
6.944e-06
6.993e-06
7.764e-06
7.042e-06
6.895e-06
7.118e-06
7.057e-06
6.974e-06
7.116e-06
7.082e-06
7.333e-06
8.534e-06
7.167e-06
7.252e-06
7.044e-06
7.001e-06
6.979e-06
7.012e-06
7.222e-06
7.427e-06
7.37e-06
7.193e-06
6.964e-06
1.115e-05
7.908e-06
7.021e-06
7.119e-06
6.977e-06
7.328e-06
6.978e-06
6.906e-06
7.187e-06
8.846e-06
7.32e-06
6.979e-06
6.95e-06
7.054e-06
7.48e-06
7.336e-06
7.095e-06
7.081e-06
6.945e-06
7.125e-06
7.064e-06
6.987e-06
6.971e-06
6.941e-06
7.099e-06
7.129e-06
6.948e-06
7.035e-06
6.908e-06
7.43e-06
8.353e-06
7.082e-06
7.426e-06
7.199e-06
7.036e-06
7.092e-06
7.207e-06
7.051e-06
7.319e-06
7.306e-06
7.006e-06
7.095e-06
7.038e-06
6.966e-06
7.056e-06
7.513e-06
7.403e-06
7.308e-06
6.99e-06
7.116e-06
6.988e-06
8.555e-06
7.112e-06
6.975e-06
7.383e-06
6.964e-06
6.934e-06
7.053e-06
7.035e-06
7.065e-06
7.016e-06
7.018e-06
1.0213e-05
7.531e-06
7.356e-06
7.302e-06
7.724e-06
7.564e-06
7.472e-06
7.342e-06
7.537e-06
7.606e-06
8.791e-06
7.832e-06
7.539e-06
7.14e-06
7.205e-06
7.127e-06
7.054e-06
7.407e-06
7.023e-06
7.37e-06
7.138e-06
6.949e-06
7.108e-06
7.096e-06
7.028e-06
7.328e-06
7.079e-06
7.229e-06
6.999e-06
7.062e-06
7.143e-06
1.6892e-05
1.3651e-05
7.636e-06
7.411e-06
7.383e-06
7.733e-06
7.566e-06
7.414e-06
7.327e-06
7.291e-06
7.324e-06
7.368e-06
7.842e-06
7.809e-06
7.337e-06
7.264e-06
7.489e-06
7.269e-06
7.198e-06
7.118e-06
6.984e-06
8.071e-06
7.225e-06
7.016e-06
6.912e-06
7.021e-06
7.142e-06
7.181e-06
7.443e-06
7.008e-06
6.981e-06
6.927e-06
6.925e-06
6.968e-06
6.887e-06
7.362e-06
7.102e-06
7.231e-06
7.571e-06
7.187e-06
7.39e-06
6.963e-06
7.248e-06
7.253e-06
7.046e-06
7.301e-06
7.029e-06
7.369e-06
7.327e-06
9.05e-06
7.266e-06
7.042e-06
7.086e-06
7.007e-06
7.365e-06
7.241e-06
7.355e-06
7.002e-06
6.981e-06
6.944e-06
7.107e-06
7.307e-06
6.925e-06
7.12e-06
7.071e-06
7.517e-06
7.268e-06
7.102e-06
7.008e-06
7.472e-06
7.115e-06
7.216e-06
7.071e-06
7.424e-06
7.184e-06
7.098e-06
7.031e-06
6.946e-06
7.007e-06
6.982e-06
7.041e-06
7.025e-06
6.977e-06
6.995e-06
1.1965e-05
7.895e-06
7.34e-06
7.63e-06
8.042e-06
7.26e-06
7.223e-06
7.129e-06
7.17e-06
7.126e-06
7.15e-06
7.239e-06
7.505e-06
7.454e-06
6.967e-06
7.35e-06
6.998e-06
7.216e-06
7.169e-06
6.982e-06
7.523e-06
7.124e-06
7.216e-06
7.263e-06
7.434e-06
7.128e-06
7.102e-06
7.202e-06
7.291e-06
7.391e-06
7.327e-06
7.177e-06
7.125e-06
7.015e-06
7.301e-06
7.066e-06
7.165e-06
7.644e-06
7.316e-06
7.048e-06
7.238e-06
7.246e-06
7.515e-06
7.257e-06
7.334e-06
7.228e-06
7.013e-06
7.001e-06
7.332e-06
7.345e-06
7.115e-06
7.245e-06
7.233e-06
7.291e-06
7.031e-06
7.031e-06
7.062e-06
7.121e-06
7.334e-06
7.001e-06
7.214e-06
7.326e-06
7.075e-06
6.997e-06
7.184e-06
7.125e-06
7.458e-06
7.204e-06
7.242e-06
7.133e-06
7.034e-06
7.065e-06
7.13e-06
7.433e-06
6.933e-06
6.931e-06
7.771e-06
7.093e-06
7.316e-06
7.304e-06
7.071e-06
7.053e-06
6.985e-06
7.408e-06
7.403e-06
7.301e-06
6.948e-06
7.217e-06
7.117e-06
7.394e-06
7.113e-06
8.45e-06
7.126e-06
1.1052e-05
7.524e-06
7.037e-06
7.05e-06
7.304e-06
6.966e-06
7.397e-06
7.121e-06
6.944e-06
7.124e-06
7.106e-06
7.242e-06
7.05e-06
7.472e-06
7.385e-06
7.163e-06
9.7186e-05
1.3335e-05
7.554e-06
8.932e-06
7.631e-06
7.941e-06
7.584e-06
7.517e-06
7.444e-06
7.319e-06
7.708e-06
7.427e-06
7.396e-06
7.533e-06
7.381e-06
7.569e-06
7.207e-06
7.242e-06
7.288e-06
7.299e-06
7.381e-06
7.34e-06
7.815e-06
7.391e-06
8.757e-06
7.687e-06
7.231e-06
7.302e-06
7.408e-06
7.344e-06
7.38e-06
7.357e-06
7.74e-06
7.441e-06
7.247e-06
7.636e-06
7.404e-06
7.238e-06
7.307e-06
7.544e-06
7.47e-06
7.298e-06
7.251e-06
6.971e-06
7.416e-06
8.491e-06
7.23e-06
6.968e-06
6.976e-06
7.351e-06
7.141e-06
7.201e-06
6.989e-06
7.015e-06
6.943e-06
7.407e-06
6.948e-06
6.907e-06
6.897e-06
7.166e-06
7.069e-06
6.944e-06
6.912e-06
7.01e-06
7.297e-06
6.933e-06
8.8189e-05
1.4274e-05
7.534e-06
7.182e-06
7.244e-06
7.737e-06
7.261e-06
7.386e-06
6.888e-06
7.316e-06
7.114e-06
6.96e-06
6.88e-06
6.982e-06
7.382e-06
6.996e-06
7.103e-06
6.908e-06
6.911e-06
6.884e-06
7.112e-06
8.507e-06
7.108e-06
7.192e-06
7.417e-06
7.003e-06
6.963e-06
7.289e-06
6.973e-06
6.968e-06
7.257e-06
7.302e-06
7.117e-06
7.04e-06
6.947e-06
6.912e-06
7.011e-06
7.176e-06
6.986e-06
7.4e-06
6.917e-06
7.15e-06
8.5e-06
7.08e-06
6.96e-06
7.124e-06
7.224e-06
7.315e-06
7.01e-06
7.087e-06
7.754e-06
7.211e-06
6.975e-06
7.066e-06
7.159e-06
7.296e-06
7.084e-06
7.398e-06
6.991e-06
7.075e-06
7.148e-06
7.006e-06
6.961e-06
8.438e-06
7.178e-06
7.36e-06
7.21e-06
7.041e-06
6.96e-06
7.186e-06
6.956e-06
7.015e-06
6.921e-06
1.0546e-05
7.426e-06
1.3538e-05
1.2715e-05
1.2595e-05
7.613e-06
7.366e-06
7.337e-06
7.486e-06
7.116e-06
6.953e-06
8.531e-06
7.122e-06
6.956e-06
6.858e-06
6.938e-06
7.142e-06
7e-06
7.066e-06
6.95e-06
7.088e-06
7.039e-06
7.058e-06
6.901e-06
6.974e-06
7.258e-06
1.0361e-05
7.452e-06
7.076e-06
6.948e-06
6.981e-06
6.997e-06
8.518e-06
7.099e-06
7.314e-06
7.073e-06
7.149e-06
7.056e-06
7.14e-06
6.989e-06
6.931e-06
6.929e-06
6.953e-06
7.329e-06
7.11e-06
6.959e-06
7.26e-06
7.082e-06
7.25e-06
7.024e-06
7.099e-06
7.165e-06
1.0178e-05
8.707e-06
7.335e-06
7.062e-06
6.997e-06
6.971e-06
7.09e-06
6.978e-06
6.94e-06
6.996e-06
6.999e-06
7.102e-06
7.133e-06
7.043e-06
7.054e-06
7.104e-06
7.001e-06
7.052e-06
7.019e-06
6.986e-06
7.025e-06
7.274e-06
8.452e-06
7.167e-06
6.906e-06
6.918e-06
1.0222e-05
7.415e-06
7.087e-06
6.977e-06
6.981e-06
7.069e-06
6.901e-06
6.927e-06
6.969e-06
7.614e-06
7.027e-06
6.955e-06
7.089e-06
7.03e-06
6.885e-06
6.921e-06
7.021e-06
8.318e-06
8.089e-06
7.119e-06
6.954e-06
7.035e-06
7.048e-06
7.057e-06
7.081e-06
6.987e-06
1.0504e-05
7.34e-06
7.051e-06
6.989e-06
6.937e-06
6.949e-06
6.987e-06
7.611e-06
7.038e-06
6.962e-06
7.179e-06
7.045e-06
8.273e-06
7.125e-06
7.006e-06
7.034e-06
7.413e-06
7.037e-06
6.982e-06
7.216e-06
6.921e-06
7.087e-06
6.965e-06
7.024e-06
7.532e-06
7.016e-06
1.1935e-05
7.74e-06
7.125e-06
7.154e-06
7.091e-06
7.03e-06
7.061e-06
8.645e-06
7.472e-06
7.192e-06
7.071e-06
7.013e-06
7.273e-06
7.082e-06
6.976e-06
7.043e-06
7.471e-06
7.153e-06
7.073e-06
7.125e-06
7.078e-06
7.064e-06
7.083e-06
7.001e-06
6.995e-06
7.028e-06
1.0278e-05
7.615e-06
8.41e-06
7.102e-06
6.998e-06
7.066e-06
6.897e-06
7.042e-06
7.201e-06
6.987e-06
7.38e-06
7.111e-06
7.127e-06
7.087e-06
7.111e-06
7.124e-06
6.921e-06
7.068e-06
7.56e-06
7.188e-06
6.998e-06
6.931e-06
7.065e-06
8.3e-06
7.071e-06
6.964e-06
1.0169e-05
7.455e-06
6.996e-06
7.103e-06
6.971e-06
1.7303e-05
8.237e-06
7.539e-06
7.501e-06
7.5e-06
7.463e-06
7.642e-06
7.349e-06
7.317e-06
7.535e-06
7.327e-06
7.25e-06
7.262e-06
8.216e-06
7.272e-06
7.519e-06
7.712e-06
7.436e-06
7.337e-06
7.214e-06
7.249e-06
8.06e-06
7.339e-06
7.508e-06
7.329e-06
7.307e-06
7.504e-06
7.461e-06
7.427e-06
7.023e-06
7.421e-06
7.034e-06
7.151e-06
7.064e-06
7.196e-06
7.131e-06
7.067e-06
7.431e-06
7.214e-06
7.015e-06
7.281e-06
7.046e-06
7.051e-06
7.217e-06
7.173e-06
7.242e-06
7.038e-06
6.976e-06
7.166e-06
6.884e-06
6.916e-06
6.941e-06
7.49e-06
7.056e-06
7.328e-06
7.234e-06
7.089e-06
6.933e-06
6.935e-06
7.083e-06
7.017e-06
7.441e-06
7.156e-06
7.123e-06
7.311e-06
7.006e-06
6.97e-06
7.033e-06
7.099e-06
7.209e-06
7.227e-06
7.366e-06
7.059e-06
7.271e-06
7.092e-06
7.004e-06
6.973e-06
7.099e-06
7.441e-06
6.907e-06
7.366e-06
7.176e-06
1.2134e-05
7.619e-06
7.286e-06
7.575e-06
7.187e-06
6.948e-06
6.961e-06
7.025e-06
7.094e-06
7.147e-06
6.953e-06
7.206e-06
6.953e-06
7.197e-06
7.094e-06
7.003e-06
7.138e-06
7.028e-06
6.978e-06
6.984e-06
7.291e-06
7.71e-06
7.216e-06
7.161e-06
7.539e-06
7.176e-06
7.203e-06
7.07e-06
7.268e-06
7.338e-06
7.307e-06
7.044e-06
6.972e-06
7.119e-06
7.156e-06
7.047e-06
7.324e-06
7.379e-06
7.174e-06
7.047e-06
7.316e-06
6.925e-06
7.021e-06
7.04e-06
7.159e-06
7.033e-06
7.213e-06
6.976e-06
6.994e-06
7.183e-06
7.495e-06
7.029e-06
6.942e-06
7.282e-06
7.274e-06
7.04e-06
7.589e-06
7.414e-06
7.121e-06
7.189e-06
7.195e-06
7.132e-06
7.027e-06
7.096e-06
6.903e-06
6.869e-06
7.283e-06
7.241e-06
7.23e-06
7.15e-06
7.34e-06
7.077e-06
7.394e-06
7.156e-06
7.844e-06
7.164e-06
7.072e-06
7.193e-06
7.193e-06
6.96e-06
6.985e-06
7.021e-06
7.052e-06
7.187e-06
7.126e-06
7.212e-06
7.033e-06
7.424e-06
7.429e-06
7.143e-06
7.71e-06
7.04e-06
7.569e-06
1.1272e-05
7.955e-06
7.009e-06
7.12e-06
7.319e-06
7.155e-06
7.068e-06
7.239e-06
6.99e-06
7.103e-06
7.08e-06
7.204e-06
7.381e-06
7.257e-06
7.403e-06
7.243e-06
7.043e-06
6.999e-06
7.112e-06
7.382e-06
7.133e-06
6.947e-06
6.931e-06
6.855e-06
7.077e-06
7.262e-06
7.186e-06
6.944e-06
7.423e-06
7.688e-06
7.173e-06
7.141e-06
7.033e-06
7.792e-06
7.335e-06
7.114e-06
7.121e-06
7.453e-06
7.158e-06
7.071e-06
7.152e-06
7.106e-06
7.065e-06
6.934e-06
7.449e-06
7.251e-06
6.964e-06
7.036e-06
7.065e-06
7.119e-06
7.221e-06
7.187e-06
7.031e-06
7.186e-06
7.435e-06
7.433e-06
7.36e-06
7.268e-06
7.012e-06
7.084e-06
7.125e-06
6.974e-06
7.076e-06
7.525e-06
7.072e-06
7.39e-06
7.336e-06
7.149e-06
7.111e-06
6.978e-06
7.307e-06
7.245e-06
6.958e-06
7.158e-06
7.107e-06
6.975e-06
7.249e-06
7.281e-06
7.21e-06
7.237e-06
6.93e-06
7.019e-06
8.775e-06
7.107e-06
6.89e-06
6.967e-06
7.01e-06
7.306e-06
6.896e-06
6.948e-06
7.026e-06
7.334e-06
6.989e-06
6.993e-06
0.000106931
1.414e-05
7.452e-06
7.298e-06
7.324e-06
7.811e-06
7.27e-06
7.323e-06
7.424e-06
1.0556e-05
7.686e-06
7.47e-06
7.469e-06
7.401e-06
7.618e-06
7.501e-06
7.229e-06
7.592e-06
7.342e-06
7.403e-06
7.269e-06
7.344e-06
7.24e-06
7.423e-06
7.859e-06
7.397e-06
7.026e-06
7.046e-06
7.108e-06
7.035e-06
8.08e-06
7.155e-06
7.193e-06
7.184e-06
7.559e-06
7.067e-06
7.302e-06
7.256e-06
7.141e-06
7.118e-06
7.224e-06
7.213e-06
6.996e-06
7.473e-06
7.033e-06
7.095e-06
7.294e-06
7.246e-06
7.088e-06
7.075e-06
6.931e-06
7.096e-06
7.225e-06
7.034e-06
7.29e-06
7.001e-06
6.878e-06
6.929e-06
7.139e-06
7.018e-06
7.004e-06
6.886e-06
7.006e-06
7.192e-06
6.995e-06
7.441e-06
7.132e-06
7.151e-06
7.399e-06
6.961e-06
7.169e-06
7.229e-06
7.318e-06
7.032e-06
7.036e-06
7.021e-06
6.964e-06
7.016e-06
7.089e-06
6.979e-06
6.953e-06
6.955e-06
6.905e-06
1.1792e-05
7.428e-06
7.632e-06
9.036e-06
7.36e-06
7.197e-06
7.015e-06
7.052e-06
7.002e-06
6.976e-06
7.462e-06
7.02e-06
7.181e-06
7.267e-06
7.362e-06
7.103e-06
7.131e-06
7.2e-06
7.262e-06
7.107e-06
7.12e-06
7.137e-06
7.544e-06
7.847e-06
7.152e-06
7.103e-06
7.134e-06
7.095e-06
7.115e-06
7.154e-06
7.259e-06
7.214e-06
7.033e-06
7.152e-06
7.574e-06
7.269e-06
7.537e-06
7.199e-06
7.298e-06
7.35e-06
7.136e-06
7.488e-06
7.379e-06
7.191e-06
7.149e-06
7.278e-06
7.068e-06
6.983e-06
7.147e-06
7.092e-06
7.375e-06
7.402e-06
6.962e-06
7.147e-06
7.108e-06
6.971e-06
7.019e-06
7.119e-06
7.062e-06
7.234e-06
7.277e-06
7.996e-06
7.103e-06
7.023e-06
6.983e-06
7.311e-06
7.137e-06
7.062e-06
7.313e-06
6.99e-06
6.955e-06
7.06e-06
7.245e-06
7.034e-06
7.48e-06
7.179e-06
7.063e-06
7.217e-06
7.153e-06
7.482e-06
6.988e-06
7.044e-06
7.093e-06
7.021e-06
7.214e-06
7.355e-06
7.267e-06
7.245e-06
7.301e-06
7.065e-06
7.201e-06
7.214e-06
8.244e-06
7.234e-06
7.409e-06
7.372e-06
7.242e-06
6.982e-06
7.218e-06
6.908e-06
6.893e-06
8.293e-06
7.154e-06
7.002e-06
6.977e-06
7.026e-06
7.159e-06
7.045e-06
7.053e-06
7.328e-06
7.118e-06
7.207e-06
7.044e-06
7.032e-06
7.053e-06
7.368e-06
6.994e-06
7.056e-06
7.261e-06
7.1e-06
6.976e-06
7.337e-06
8.174e-06
7.104e-06
7.195e-06
7.039e-06
7.337e-06
7.19e-06
7.221e-06
7.273e-06
7.259e-06
7.077e-06
6.896e-06
6.873e-06
6.941e-06
7e-06
7.202e-06
7.367e-06
6.947e-06
7.147e-06
7.021e-06
7.103e-06
7.238e-06
8.382e-06
7.246e-06
7.092e-06
7.46e-06
7.226e-06
7.075e-06
7.06e-06
6.922e-06
6.91e-06
7.291e-06
7.389e-06
6.942e-06
7.005e-06
7.124e-06
6.983e-06
7.11e-06
7.25e-06
6.919e-06
7.316e-06
6.925e-06
6.929e-06
8.34e-06
7.093e-06
7.046e-06
7.35e-06
6.969e-06
7.034e-06
6.963e-06
7.004e-06
6.873e-06
6.914e-06
7.063e-06
7.227e-06
7.127e-06
7.103e-06
7.042e-06
6.94e-06
6.976e-06
6.932e-06
6.975e-06
7.373e-06
7.26e-06
8.153e-06
1.4825e-05
1.1872e-05
7.377e-06
7.543e-06
7.349e-06
7.463e-06
7.816e-06
7.768e-06
7.486e-06
7.403e-06
7.438e-06
7.367e-06
7.354e-06
7.489e-06
7.533e-06
7.383e-06
7.623e-06
7.352e-06
7.321e-06
7.252e-06
8.149e-06
7.442e-06
7.364e-06
7.382e-06
7.939e-06
1.0685e-05
7.499e-06
7.032e-06
6.866e-06
7.029e-06
7.166e-06
7.463e-06
7.166e-06
7.256e-06
7.168e-06
7.037e-06
7.294e-06
7.124e-06
7.065e-06
7.032e-06
7.145e-06
7.042e-06
7.045e-06
7.559e-06
7.265e-06
7.238e-06
7.213e-06
7.188e-06
7.518e-06
7.065e-06
7.237e-06
7.013e-06
6.924e-06
7.638e-06
7.129e-06
6.961e-06
7.43e-06
7.047e-06
6.917e-06
6.901e-06
6.986e-06
6.954e-06
7.056e-06
7.32e-06
7.059e-06
6.979e-06
6.969e-06
6.92e-06
6.942e-06
6.984e-06
7.393e-06
7.372e-06
7.111e-06
7.341e-06
7.185e-06
7.211e-06
7.059e-06
7.27e-06
7.177e-06
6.958e-06
6.964e-06
7.022e-06
6.946e-06
7.783e-06
7.107e-06
6.896e-06
6.913e-06
7.342e-06
7.273e-06
6.952e-06
7.019e-06
7.37e-06
6.936e-06
6.952e-06
7.564e-06
7.628e-06
7.132e-06
7.178e-06
6.961e-06
6.873e-06
6.9e-06
6.884e-06
6.987e-06
6.905e-06
6.941e-06
7.436e-06
7.12e-06
6.946e-06
7.048e-06
6.986e-06
7.191e-06
6.928e-06
7.115e-06
7.375e-06
7.013e-06
7.136e-06
7.277e-06
7.389e-06
7.31e-06
6.983e-06
6.965e-06
7.095e-06
7.243e-06
6.954e-06
7.116e-06
6.912e-06
6.981e-06
7.763e-06
7.109e-06
7.219e-06
7.074e-06
7.168e-06
6.987e-06
6.871e-06
7.557e-06
7.163e-06
6.928e-06
7.055e-06
7.101e-06
6.861e-06
7.205e-06
7.055e-06
7.38e-06
7.33e-06
6.948e-06
6.876e-06
8.187e-06
7.265e-06
7.288e-06
7.321e-06
7.205e-06
7.378e-06
7.165e-06
7.157e-06
7.034e-06
7.081e-06
7.137e-06
7.139e-06
7.117e-06
7.148e-06
7.163e-06
7.524e-06
7.828e-06
6.931e-06
7.18e-06
7.179e-06
7.004e-06
7.176e-06
7.337e-06
7.106e-06
6.954e-06
6.931e-06
7.054e-06
7.25e-06
7.337e-06
7.073e-06
7.858e-06
7.152e-06
1.398e-05
1.2995e-05
8.672e-06
7.576e-06
7.554e-06
7.413e-06
7.58e-06
6.995e-06
7.154e-06
7.042e-06
7.351e-06
7.292e-06
7.313e-06
7.589e-06
7.256e-06
7.146e-06
7.314e-06
7.392e-06
6.971e-06
7.539e-06
7.281e-06
7.337e-06
7.183e-06
7.072e-06
7.528e-06
7.08e-06
7.216e-06
7.009e-06
7.069e-06
6.901e-06
7.081e-06
6.937e-06
7.071e-06
7.048e-06
6.925e-06
7.248e-06
7.502e-06
7.283e-06
7.228e-06
8.404e-06
7.07e-06
7.223e-06
7.056e-06
7.002e-06
7.19e-06
7.446e-06
7.002e-06
7.211e-06
7.07e-06
6.933e-06
6.99e-06
6.971e-06
7.169e-06
8.814e-06
7.784e-06
7.02e-06
7.019e-06
7.185e-06
6.95e-06
6.971e-06
8.382e-06
7.111e-06
7.066e-06
7.391e-06
7.081e-06
6.981e-06
6.997e-06
6.942e-06
6.973e-06
7.24e-06
7.504e-06
7.189e-06
6.981e-06
7.028e-06
6.978e-06
7.102e-06
7.204e-06
7.036e-06
7.306e-06
6.968e-06
6.998e-06
8.16e-06
1.4773e-05
7.616e-06
7.339e-06
7.521e-06
7.284e-06
7.244e-06
7.344e-06
7.879e-06
7.811e-06
7.53e-06
7.339e-06
7.338e-06
7.26e-06
7.264e-06
1.0431e-05
7.389e-06
6.974e-06
6.977e-06
7.35e-06
7.204e-06
7.743e-06
7.118e-06
7.102e-06
7.025e-06
7.131e-06
7.237e-06
7.217e-06
7.087e-06
6.977e-06
7.033e-06
6.916e-06
6.936e-06
6.954e-06
7.423e-06
7.298e-06
7.456e-06
7.144e-06
7.036e-06
7.228e-06
7.291e-06
7.088e-06
7.025e-06
7.021e-06
6.961e-06
7.803e-06
7.253e-06
7.04e-06
6.92e-06
7.312e-06
7.035e-06
6.984e-06
7.443e-06
6.986e-06
7.198e-06
7.027e-06
7.211e-06
6.961e-06
6.983e-06
