18851
9649
7415
67382
7873
7073
7671
7385
7092
7423
7361
7142
7477
7128
7223
7682
7353
7501
7080
7112
7418
7113
7475
7360
7019
7545
7808
7287
7321
7201
7521
7223
7472
7509
7347
7218
7429
7473
7524
7231
7476
7677
7180
7092
6928
7491
7127
7140
7326
7520
7909
7545
7505
7904
7431
7174
7203
7436
7448
7510
7188
7004
7503
7214
7140
7843
7188
7338
7145
7123
7048
7023
7103
7284
7437
7482
7463
7433
7708
7376
7186
7139
7320
7414
7218
7827
7224
7733
7195
7178
7065
7161
7555
7131
7072
7040
7058
7029
7453
7559
7168
7711
13115
7802
7328
7338
7206
7053
7066
7046
7071
7453
7711
7020
7133
7098
7025
7110
7335
7955
7490
7180
7291
7011
7651
7485
7348
7162
7084
7747
7314
7391
7249
7476
7286
7352
7232
7885
7666
7950
7337
7140
7065
7092
7270
7216
7113
7060
7362
7168
7460
7070
7123
7145
7313
7158
7216
7005
7839
7410
7121
7860
8525
7331
7205
7112
7642
7485
7728
7307
7448
7099
7092
7332
7676
7681
7418
7402
7582
7748
7199
7401
7272
7107
7475
7389
7258
7101
7075
7105
7144
7709
7404
7197
7554
7125
7099
7109
7454
7180
7370
7854
7500
7189
7130
7449
65656
7770
7496
8470
7482
7211
7797
7505
7555
7332
7436
7748
7289
7484
7324
7201
7083
7089
7071
7014
7246
7196
7495
7225
7144
7647
7154
8189
7243
7365
7521
7418
7856
7239
7422
7310
7591
7529
7584
7199
7106
7274
7727
7705
7586
7582
7539
7399
8071
7464
7270
7172
10487
6817
7027
6922
6795
6765
6788
6687
7151
6847
6821
6781
6748
6748
6770
6845
6813
6686
6735
7717
6907
7197
6877
6790
6823
7300
6946
7042
6772
6750
7070
6925
6879
6829
6910
6846
7431
6828
7474
7072
7561
6864
6737
7089
6824
7185
6972
7264
7416
8043
7002
6797
7170
6914
7070
6868
6872
7167
7221
7012
7013
6791
6785
6831
6814
6902
8384
7116
7268
6877
7395
7113
6835
6847
7200
7131
7020
7241
7294
6900
6951
7232
7379
6872
7198
7068
6810
6997
7608
6848
7092
6877
7135
7289
7745
6921
6829
7062
7602
7004
6848
6840
6926
7061
6895
6848
6912
6955
7441
7179
6930
6818
7188
7434
7084
7853
6880
7201
7065
7100
7012
6800
7535
6918
6809
6773
7223
6975
6901
6789
7031
7116
7517
7592
7155
6915
10484
7428
7360
7693
7433
7408
7750
7310
7110
7093
7193
7531
7229
7719
8041
7621
7253
7023
7298
10990
8462
7299
7278
7235
7448
7441
7202
7576
7226
7186
7726
7351
7306
7332
7615
7112
7077
7335
7698
7199
7824
7466
7180
7175
7534
7316
7472
7684
7311
7587
7182
7181
7453
7280
7156
7971
7687
7320
7073
7595
7885
7363
7614
7235
7177
7544
7265
7186
7132
10163
7265
8170
7008
7041
7057
7819
7292
7111
7445
7117
7515
7160
7567
7039
6958
7499
6893
7045
7288
7815
7470
7154
7197
7262
6855
7285
7256
7673
7107
6892
7094
7557
7116
7327
7021
7678
7181
7239
7146
7566
7067
6932
7193
6869
6870
7373
7429
7244
6951
6869
7056
8099
6925
7051
11427
7244
6895
6803
7380
7260
6832
7133
6850
6985
6870
6936
6848
6836
7139
7019
7133
7562
6955
7133
6939
6833
6810
7044
7081
6819
6794
6829
6919
7515
7093
7494
7349
7987
6972
6997
7163
6939
7394
7003
7095
6837
6881
6904
6878
7455
6940
6895
6741
6762
6881
7294
6859
6981
7232
7382
6902
6771
6873
6781
6891
7625
7544
6860
7184
7137
6951
7232
6897
6842
6907
6767
6869
6742
6809
6945
6819
6898
7702
7438
6862
6905
6852
6854
6820
11679
7320
7193
7408
7022
7341
6968
6816
6710
6918
6867
6875
6838
7086
7328
7149
6981
6871
6859
6838
6904
8265
6926
8473
7063
7077
6918
6744
6820
6848
6972
6858
6781
6967
6766
7404
6865
7026
6852
7065
7069
6841
8016
6937
6883
6773
6874
6853
7096
6785
6814
6888
6914
7266
6874
6872
7074
6925
6913
6855
6816
7407
6891
8100
7283
7302
7141
7109
7711
7076
6872
6919
6812
6919
6830
7313
6874
6934
6924
7224
7455
7130
7183
7088
9022
7356
6989
6799
6953
6854
6855
6849
6888
7228
6880
6952
6906
7078
7256
6956
6811
6803
6815
6929
6763
8067
7389
6868
6867
6797
6820
6773
6865
6851
7428
6930
7161
6877
6887
6833
6828
6895
6817
6922
6868
6903
7959
6858
6754
6915
6912
10740
7886
10604
7117
7221
7134
7149
7130
7177
7751
7249
7639
7448
7610
7472
7234
8974
10450
7005
7292
6953
6784
6874
6851
6872
6786
7257
7294
6850
7244
6945
7145
7004
6769
6758
6809
6872
8077
7788
7076
6929
6751
7171
7061
7079
7200
6877
6913
6829
6833
6707
6853
7078
7263
6883
6887
6776
6863
7957
10337
7530
7226
7094
7163
7079
7214
7144
7847
7235
7544
7185
7300
7129
7109
10035
6854
6982
6701
7165
8461
7310
6959
6913
9045
6977
7325
6853
6984
7065
6948
6868
6810
6736
6767
7343
7125
6862
6750
6840
6980
8263
7045
6855
6724
7163
18607
11297
10112
10780
10300
9883
9859
9827
9896
9885
9820
9769
9962
10375
10016
10153
11766
10020
9857
10596
10204
9894
9990
10041
10014
10047
10009
9906
10244
10575
10024
10247
10010
9917
9834
10350
9924
11704
10082
9949
10639
10052
9864
10484
10541
10095
10013
9900
9803
9878
9937
10182
10560
10436
10142
10219
9984
9872
11400
10106
9937
10461
10061
9849
9874
10267
15999
10592
10586
9896
9863
10202
10099
9898
9776
9876
10254
9977
9953
11472
10151
9767
10940
9921
15538
10575
9799
9734
9713
10142
10098
10189
9844
10598
9821
9851
9741
9928
9802
10140
12219
9996
10208
10080
9818
9780
9870
9840
9879
10258
15011
10746
10242
10844
10243
9962
9785
9938
9928
9887
9840
14788
10272
9839
10406
9895
9720
9715
10399
9859
9866
9968
9861
9782
10680
9842
14796
10545
10106
9894
10860
10397
12126
9967
9921
9709
10240
10150
10073
10460
10226
9831
9739
9941
10074
9861
9872
10084
10952
10040
9958
10209
14741
11827
10448
10368
10110
9707
9730
9853
9713
9817
9741
9659
10213
9972
9910
9670
9762
9655
9825
9819
10458
9842
11407
9990
10286
9990
14512
10372
9776
10423
9909
9829
9917
10286
10063
9866
9977
9840
9947
9870
10232
10373
9900
11402
9863
9875
9900
10024
9703
9777
9769
9722
21495
11151
9872
9956
9745
9885
9793
9943
9966
9840
9830
9770
11732
9986
9866
10412
9997
10123
9968
9958
9989
10061
9922
9827
9851
9821
14805
10294
10470
9827
10142
10084
9820
11290
9936
10598
9887
10077
9900
9945
9713
9868
9814
9924
9878
9825
9975
9947
10125
10521
9898
9777
14822
10440
11653
10129
10596
9902
9748
10181
10161
9992
9928
10517
9983
9845
10279
9981
9885
9773
9820
12347
10314
11038
9893
11954
9895
9559
23659
11275
9871
9771
9750
9915
9932
9799
9649
9724
17982
10847
9816
9927
9869
9702
9714
9799
12071
10074
17887
10785
9848
9956
9930
9740
14799
10569
9874
10324
11108
9887
9849
9702
9790
9820
9776
10161
9812
19715
11050
10157
10024
10039
9896
9665
9698
9681
9765
10221
10607
9853
14831
10337
9814
9865
10318
10616
9964
10069
11522
10067
10262
9941
10176
16425
10755
9968
10317
9992
11376
9936
9728
9784
9692
17497
10522
9898
10424
9829
11335
10747
9900
9833
10305
9951
9770
10432
17848
10474
9689
9717
9722
11211
9942
10106
9892
10418
10061
9758
10636
18212
10582
10247
10226
9790
10207
9842
9927
9940
10177
9889
11284
9950
9724
9765
9774
10204
10236
10101
18233
10310
10650
9964
17132
10695
9881
9768
10292
10294
10097
9821
9831
18859
16330
10685
9855
9745
10545
9979
18347
10917
9944
10942
10246
9995
9798
9837
9847
11659
10228
9945
9801
9765
9894
10667
10275
9966
19078
10799
10022
10251
9947
9735
9858
10509
9898
26393
11880
10590
10099
10307
11322
10802
10372
10213
10208
10046
10194
10211
10720
10052
9850
10123
10275
9994
10430
10260
10536
11106
10228
9872
10320
9945
9795
10378
10461
9985
9692
10204
9855
9686
9801
10376
10009
9809
11349
10425
10035
9960
10162
10034
10015
10177
10728
10148
9865
10296
10014
9891
10114
10770
10279
9961
9771
10279
10253
9996
10702
10369
10269
9873
10486
10345
10367
9997
10198
10033
9748
10037
10192
9981
9802
9997
9945
9780
10503
10037
10335
10380
10020
10015
9971
10204
10067
9756
9812
9842
10335
10054
10654
10035
9814
9838
10114
10084
10006
10617
9881
10052
9987
10002
10440
10016
10114
10153
10148
10100
10309
10276
9971
25904
11631
10228
9891
10815
10589
10003
10179
10092
9885
9818
9883
9815
12874
7614
7394
7515
7396
7165
7807
7664
7348
7210
7195
7068
7447
7296
7076
7293
7043
6891
7208
7331
6951
7135
6846
6791
7216
6897
7164
6835
6867
6796
6909
6847
7177
6874
6880
6841
6835
6902
6823
7218
7196
6876
6854
6824
6816
6979
7807
7012
7086
7342
6860
6817
6871
6930
6801
6884
6830
7003
7357
7035
6762
6855
6823
7050
7004
7239
7080
7063
7443
6874
6990
7020
7209
7100
6870
7348
6969
6766
7016
6927
7002
7064
7216
7289
7162
6965
6936
6880
7786
6937
6880
6887
7196
6842
7080
7356
7190
7253
7011
6892
6925
7123
7419
7027
6852
7076
7152
7010
6916
7310
6914
6955
7562
7131
6945
6822
6847
6860
6932
7561
7240
6992
7440
6801
6982
6984
6934
6923
7101
7256
8478
7190
6863
6800
6928
6781
7103
6898
6910
6863
6909
7020
6912
6821
6872
6855
6984
6990
6929
7091
8812
8398
7354
7001
6858
6887
6825
7215
6849
6862
6932
7255
7068
7208
6795
10749
7458
6996
6930
6723
6758
6792
8265
7325
7094
6901
6860
6923
6901
6822
6889
6826
6805
6775
6776
6743
7397
6830
6949
7080
7121
10491
7367
13486
7392
6952
6884
6692
6865
6939
6908
6723
6718
6912
6800
6936
7276
6936
6846
6781
6820
7037
6922
6916
8157
6965
7184
10517
7317
6780
6829
6803
6907
6901
7028
6844
7164
6811
6936
6941
6866
6839
6843
6887
6776
8140
7071
6831
6690
6778
6945
6766
6810
10500
7329
6995
6803
6673
6811
6792
6944
6848
6930
6755
6797
6817
8051
6864
6752
6751
6762
6860
6893
6894
6923
7043
6893
7311
6859
10140
7185
6958
6976
6801
7251
6936
6771
7922
6927
6709
6947
6812
6920
6995
7065
6749
6761
6749
6810
7041
6860
6892
6876
7021
6948
10709
7308
6753
7932
6909
6807
7672
10364
7712
7138
7038
7024
7015
7262
7071
7035
7196
7208
7076
7415
7084
7133
7078
7322
7988
7248
7536
7260
7069
7570
7142
7141
7262
7224
7746
7579
7748
7593
7170
7206
7407
7631
7225
7696
7255
7136
7183
7387
7281
7207
7414
7591
10185
6936
6789
7361
6948
6795
7263
6900
6862
7059
6950
6821
6803
7370
7284
6872
6989
6862
6780
6762
7021
6906
6854
6784
7273
6948
7218
6817
7222
7448
6968
6877
6816
6749
7051
7060
7178
7244
7067
6907
7041
7015
6945
7240
7027
7338
7281
7106
7036
7094
6857
6711
6967
7295
7390
6835
6823
6990
7110
6962
7006
11727
7484
7056
7351
7020
7056
7081
7295
7346
6830
6960
6907
6817
6990
6861
6889
7007
6845
7100
6935
6807
7581
6854
6909
7043
6753
6802
6752
6745
7241
7131
7229
7056
6877
6911
6882
6891
6939
7088
6913
7049
7168
7304
6955
7148
6997
6772
7038
6993
7075
7029
8062
7308
7178
7075
7058
7442
7180
7351
7405
7375
7117
10219
7221
7047
6850
7056
6968
6823
6862
7286
7013
6869
7177
6812
6770
6849
6946
7209
7020
6803
7474
7265
6879
6746
6934
7060
7079
7558
6884
7229
7037
6972
7242
6891
6770
6840
7129
6908
7067
7270
7015
6981
7031
6966
7454
7058
6833
10571
7540
7123
7689
7682
7433
7534
7537
7290
7383
7214
7114
7110
7468
8237
7388
7112
7154
7399
7043
6870
6811
6980
7264
6996
7142
7171
7028
7127
7005
6841
7093
7215
7087
7205
7028
6864
7101
7103
6953
6989
6973
6915
6907
7014
6975
7229
6931
7286
6935
7521
6928
7076
6854
7247
7102
7044
6960
6924
6764
6935
6931
6901
7041
6893
7183
6968
6863
7413
7021
6954
6870
6806
7107
7252
7311
6893
6908
6874
6924
6810
7020
7218
6892
7469
6942
7025
7642
8442
7084
6896
6902
6939
6848
6819
6866
6942
6957
7155
7015
6855
6966
6953
7237
7196
6884
6880
7964
7857
8637
7409
7493
7200
7141
7254
7313
7741
7270
7530
7187
7151
7125
7199
7130
7501
7182
7076
6998
6910
6929
8087
7036
7368
6964
6915
6831
7020
7037
7109
7283
6906
6803
7105
7020
6839
6958
6997
7214
6809
6726
6767
8111
7299
6897
6850
6743
6816
6797
6846
6764
6802
7183
6916
6886
7196
6870
6975
6895
6818
7095
6845
6762
7953
7302
6909
6912
6920
6739
6913
6806
6984
6983
6900
6715
6788
6805
6750
6848
6850
6862
6888
6810
6942
8462
7144
6818
6932
7232
6891
6755
6842
6846
7039
7147
7214
6872
6893
6820
6831
6850
6900
7135
6840
6769
12064
7787
6891
6759
6767
7019
6801
6822
6931
6858
6863
6857
6917
6874
6880
7200
6990
7311
6951
7039
7050
8123
7071
6824
6751
6858
6778
6800
7166
6980
7033
7009
6917
6924
6848
6916
6755
6858
6972
7166
6944
6994
8020
7036
6801
7094
6884
6978
6825
7139
6861
6774
6856
6817
7084
7037
7427
6923
6984
6904
6876
6908
6985
8084
6984
7021
6830
7172
6915
6857
6808
6877
6876
7113
6944
6816
6751
6752
7011
6977
7316
6849
6986
6833
10682
7429
6902
7052
6874
6772
6920
7087
7021
7115
6845
6739
6809
6903
7251
6909
6937
10366
7348
7163
7078
8512
7223
7109
11896
7601
7091
7036
7131
7260
7885
7227
7675
7314
7247
7111
7042
7186
7218
7128
7164
7703
8587
7304
7228
7296
7394
7237
7377
7210
10760
7535
7069
7044
7542
7228
7244
7272
7171
7019
7090
7326
7713
8525
7391
7281
7140
7044
7315
7091
7100
7078
7453
7109
7007
7223
10521
7544
7084
7200
7060
7032
7649
7267
8411
7233
12294
7527
7181
7446
7287
7404
7409
7680
7061
7311
7223
7180
7140
7089
7171
7247
11557
7633
7401
8490
7288
7089
7093
7189
7118
7258
7460
7405
7636
7143
7123
7168
7159
7239
13057
7852
7147
7492
7292
7200
8488
7480
10686
7710
7396
7241
7120
7066
7074
7086
7093
7051
7096
7597
7086
7328
7287
7106
7070
7284
7640
8646
7418
7259
7178
9138
7194
7074
11015
7528
7120
7196
7123
7288
7063
7068
7153
7060
7158
7458
7255
7200
8522
7262
7088
7157
7369
7052
7256
7095
7080
7132
7243
7023
10879
7608
7056
7110
7066
7572
7183
7234
7147
8420
7472
7064
7112
7175
7078
7074
7102
7052
7112
7070
7153
7513
7209
7267
7199
7166
10793
7513
7029
7093
8524
7305
7138
7443
7396
7309
7045
7058
7080
7113
7116
7380
18951
8394
7139
7321
7114
7029
7020
7026
7589
8558
10786
7503
7242
7228
7058
7156
7036
7062
7145
7109
7335
7130
7413
7020
7204
7121
7107
7082
7090
7004
8352
7197
7139
7084
7200
7043
10569
7320
7072
6993
6957
7035
7088
7116
7068
7166
7201
7073
7047
7010
7400
8257
7118
7051
7009
6975
6910
7548
7246
7104
7029
7075
10574
7721
7111
7107
7540
7079
7018
7247
7142
7010
8480
7649
7082
7271
7097
6992
7213
7061
7378
8582
7312
7146
7169
7099
7136
7099
10795
7507
7061
7191
7018
8356
7318
7203
6978
7145
7174
7025
6970
7067
7199
11826
7599
7007
7119
7132
7016
7124
7122
7169
7008
8947
11553
7313
7047
7051
7110
7022
7087
7176
7048
7141
7017
7077
7028
7121
7044
7030
7072
7051
7073
7069
7218
8584
7260
7045
7076
7137
10851
7493
7116
7209
7228
8734
7265
7038
7048
7026
7001
7197
7208
6979
7110
7031
8368
7231
7090
7017
7198
7114
7154
7132
7169
7092
10619
7427
7000
7055
7000
7048
7174
7109
7034
7144
7087
11855
7315
7130
7182
7044
7191
7240
7110
7120
7137
7231
7027
7077
7144
7082
10650
7582
7135
7096
7173
7185
8491
7427
7145
7214
7013
7175
7183
7047
7113
7937
7154
8696
7136
7116
7074
7118
7216
7110
7277
7240
10646
8397
7246
7037
7068
7078
7084
7084
7154
7122
7145
7111
7131
7160
7127
7098
7031
7043
7181
7118
7111
7203
7867
7517
7060
7098
7663
7410
7386
7299
7174
7507
7301
7597
7197
7322
7074
7070
7537
7118
7027
7065
7005
7090
7151
7329
7001
7073
7709
7756
7059
7498
7006
7310
7880
7097
7295
7907
7307
7466
7168
7046
7203
7065
7211
7170
7357
7341
7421
7119
7622
7044
6970
7409
7207
7088
7145
7622
7149
7041
7382
7180
7454
7058
7266
7328
7798
7478
7628
7211
7045
7185
7113
11848
7771
7408
7035
7021
7494
7180
7128
7207
7079
7154
6964
7145
7379
7170
7213
7121
7089
7153
7334
7087
7046
7004
7044
7282
7170
7206
7101
7436
7628
7254
7114
7211
7120
7041
7095
7432
7222
7111
7161
7081
7108
7117
7078
7082
7749
7688
7255
7123
7113
10430
6885
6875
10075
7204
6989
7444
7066
7429
7369
7335
7154
7283
7148
7871
7280
7190
7199
6978
7043
7029
7458
7100
7086
7047
7146
7261
7097
7516
7164
7117
7229
7375
7104
7073
7181
7162
7045
7523
8070
7229
7352
7168
7271
7223
7650
7631
7238
7295
7358
7227
7219
7662
7383
7330
10940
8547
7391
7290
6995
7116
7062
7408
7072
7254
7147
7220
7201
7104
7101
7333
7610
7209
7424
7202
7170
7301
7251
7430
7176
7141
7147
7025
7215
7068
7038
7045
7175
7313
6811
6828
6991
6883
10156
7374
7154
7037
7776
7079
7336
7467
7435
7045
7053
7063
7003
7080
7299
7102
7054
7115
7062
6981
7143
7435
7149
7246
7384
7409
7270
7129
7470
7323
7077
6990
7041
7048
6968
7045
7055
7048
6974
7499
7191
7200
7430
7251
7105
6989
7170
7328
7393
7124
7149
7413
7165
7012
6972
7572
7210
7172
7232
7311
7053
7016
7275
7053
7022
7194
7132
7532
8014
7177
7401
7251
7125
7233
7242
7105
7115
7394
7347
7280
7411
7489
7322
7949
7383
7174
7037
7610
7294
7318
7264
7527
7161
7167
7740
7529
7240
7747
7404
7399
7048
10359
8429
6911
6779
6950
7083
6743
7155
6966
7028
6820
6862
6710
6810
6866
6970
6806
7240
6807
6807
7313
6959
7829
6846
6943
6870
6962
7275
6725
6948
6767
6857
6765
6795
7389
6987
6779
6931
6818
6764
6954
7178
6794
7974
6903
6783
6865
6904
6836
6735
6858
7146
6844
6779
6963
6776
6890
10589
7242
7132
6827
6889
6772
6763
8039
6860
6706
6747
6748
6929
6954
6688
7096
6789
11450
6871
6765
6842
6736
6976
6787
6777
6773
10569
7166
8148
7224
6851
6660
6909
6869
6817
6921
6985
6738
7110
7043
6792
6778
6722
6719
7093
7302
6785
6742
6802
8186
6939
6910
10506
7291
6768
6779
6652
6812
6786
6776
6698
7319
6904
6995
6904
6881
6897
7026
7120
6733
8079
6906
6721
6712
6794
6660
6790
6912
10200
7085
6721
6840
7107
6796
6686
6771
6782
7125
6853
6723
6674
8039
6836
6772
6729
6737
6828
7130
7001
6827
6797
6854
6864
6725
10261
7163
7129
6846
6777
6853
6966
6783
7915
6766
6705
6739
7156
6809
6937
6694
6689
6744
7050
7035
6898
11038
7181
6800
6737
6990
10620
8739
6865
8100
6781
6761
6779
6872
6756
6797
6857
6999
6875
6768
6797
7159
6859
6696
6757
6922
6910
6944
6910
6862
8191
6989
10281
7108
6845
6813
6976
6766
7225
6861
7007
6831
6765
6726
6715
6848
6705
6895
6738
8226
6916
7851
6959
6844
6780
6760
6855
6848
10227
7175
6843
6801
7023
6976
6877
6913
6990
6985
6759
6934
6820
6856
8157
6867
6751
6877
6677
6736
6650
6806
6918
8676
7022
6750
10237
7192
6796
7008
6939
6779
6791
6734
6862
7999
7094
6776
6839
6829
6918
6939
6763
6764
7015
6773
6913
6797
6818
6901
7683
10022
10913
7416
6957
8695
8335
7174
7033
7029
7180
7044
7069
7034
7001
7066
7138
7035
7026
9871
6840
6749
6952
6936
6810
6672
6623
7980
10245
7134
6691
6875
6804
6859
6694
6756
6753
8227
6781
6753
6682
6651
6633
6719
6776
6692
6823
6833
8078
7142
6716
6769
6819
6805
10206
7108
6758
6672
6686
6794
6724
6798
6793
6800
6739
6777
6730
6802
6791
9180
10288
7100
7116
6986
6962
7215
7081
7032
7140
7066
10660
7479
7018
7105
9909
6855
6853
6805
6903
6681
7921
7005
6730
6735
6808
6722
6698
6727
6805
6814
6813
8442
6922
6789
6725
6885
15082
7616
6797
6791
6781
8274
6977
6692
6704
6701
6802
6695
6720
6850
6742
6702
6703
10686
7005
7210
7147
7085
7108
6982
6995
7033
11583
8824
7163
7050
7029
7128
7124
7265
7169
7068
6986
7013
7055
7079
7090
7090
7097
7050
6983
7102
6942
8526
7326
7083
7094
7021
10746
7499
7009
7089
7114
6981
7090
8622
7206
9907
6958
6741
6689
6913
6757
6739
8000
6994
6808
6702
6882
6912
6966
6797
6838
6904
10257
7216
6809
6763
6836
6710
6723
6717
6750
6733
6776
8062
6859
8135
6923
6726
6817
6824
6705
6706
6892
6738
6706
6680
6761
6851
10146
18418
12080
7145
7010
7118
8862
7229
7058
7048
7068
7366
7055
7033
7109
7137
7045
7223
7207
7797
7152
7170
7414
7209
7106
7110
7641
7756
7259
7343
7155
7085
7593
7187
7216
7227
7489
7695
7482
7497
7358
7125
7094
7232
7692
7133
7061
7388
10160
6885
7385
7037
7071
6829
6884
6782
6886
7214
7673
7050
7167
6938
6874
6810
6902
6852
6777
6820
7134
6999
6825
6977
6852
6748
7033
6918
7168
6841
6719
7017
6890
7194
6814
7123
6912
7102
6765
6896
6902
7009
6818
7116
6827
6837
6721
6718
6915
7377
6978
7279
6772
6781
7383
6878
6755
6789
7127
12244
10741
7220
7061
7067
7214
7128
7224
7118
7206
7628
7906
7360
7641
7437
7182
7279
7284
7134
7073
7133
7233
7178
7583
7172
7173
7203
7319
7175
7165
7134
7319
7288
7287
7264
7191
7416
7699
8266
7433
7270
7408
7290
7245
7354
7446
7184
7525
7463
7404
7352
7238
7289
7381
7227
8183
7554
7552
7237
7316
7301
7479
7288
7468
7215
7159
7149
7482
7226
7082
7144
7661
7356
7462
7399
7693
7759
7609
7519
7215
7210
7518
7251
7389
10216
7351
6932
6883
6816
6952
7386
7199
6918
6813
7085
7676
7000
6795
6841
7009
6899
7082
6809
7035
11010
7432
6922
6778
6964
6857
6898
6865
6907
6937
7035
7329
6973
6839
6820
7027
6872
7115
6964
7337
7301
7039
7122
7287
6868
6810
7012
6893
6968
6981
7184
7063
6879
6765
7229
7324
6849
6948
6810
7482
7042
6957
7219
6802
6960
7179
6897
7048
7085
6864
7000
6863
6818
7258
7192
7477
7184
6983
6837
6765
6973
6849
6912
6783
6932
6874
6831
6750
7185
7049
6974
6894
6766
6858
7526
7438
6837
6849
6824
7132
6906
6950
6865
6813
6772
6816
6805
6860
6868
6780
6819
7846
6803
6818
6798
6974
6952
7006
6796
7206
7014
7017
6964
6853
7194
6857
6904
7447
7366
11221
10617
7732
7262
7231
7206
7343
7401
7455
7094
7356
7294
7223
7072
7565
7833
7275
7242
7199
7204
7118
6971
7141
7037
6848
7316
7079
6766
6796
8348
7071
7175
6813
6880
6829
7113
7127
6802
6897
6815
6917
6892
6891
6778
7130
6852
7054
6925
6914
7044
8193
7582
7061
6902
7027
6803
6826
7164
6819
6803
6832
6983
7005
7019
7044
7215
6890
6936
6877
6929
6792
8015
7042
6743
6816
6909
7025
6894
6790
7156
6964
7124
6864
7253
6930
6727
6760
7048
6847
6799
6811
7351
10453
7083
6977
7028
6966
6941
6852
6907
6804
6890
6846
6775
6818
7140
6893
6878
11430
6943
6856
6892
6861
8477
7004
7062
6919
6856
6805
6844
6868
6874
7034
6798
6888
6788
6931
7057
7023
7210
6851
7146
7076
6920
8113
7089
7214
7050
7023
6985
6884
6881
6954
7154
6890
6808
7084
6893
6861
6829
6831
7425
7089
7038
7287
8082
6931
6781
7015
6841
6862
7028
7020
7140
6903
6834
6782
6766
6782
6860
6761
6762
7117
6859
7088
6853
7773
7003
6883
7122
6871
6961
8650
7026
7099
6805
7048
6843
6824
6748
7371
7113
7413
7161
7436
7169
7099
8410
7366
7142
7274
7472
7129
7330
7348
7149
7358
7207
7175
7210
7475
7288
7084
7594
12575
7352
7137
7099
8329
7288
7692
7382
7204
7091
7152
7128
7442
7114
7653
7369
7178
7026
7277
7149
7058
7152
7791
7302
7610
8336
7342
7075
7029
7137
7550
7137
7105
7390
7158
7159
7080
7450
7119
7140
7091
7307
7286
7266
7443
7123
8239
7479
10588
7665
7242
7406
7081
7029
7068
7103
7045
7070
7079
7011
7435
7077
7257
7012
7272
7142
7046
8260
7425
7121
7230
7235
7564
7229
10366
7464
7216
7058
7079
7073
7150
7708
7263
7295
7349
7210
7130
7189
8467
7373
7265
7024
7219
7138
7081
7165
7184
7546
7293
7137
10532
7461
7152
11472
7692
7177
7371
7583
7092
8657
7385
7212
7242
7118
7054
7386
7710
7175
7319
7244
7329
7245
7343
7331
7536
7211
10684
7587
7113
7117
8245
7329
7072
7044
7169
7395
7091
7285
7403
7268
7197
7116
7395
7047
7275
7243
7152
7133
7185
7097
7080
8650
10685
7636
7084
7584
7097
7121
7309
7268
7600
7149
7742
7230
7235
7402
7216
7166
7119
7270
7517
7198
8441
7393
7151
7277
7109
7226
10579
8070
7184
7108
7193
7153
7080
7390
7199
7117
7145
7082
7221
7250
7429
8415
7305
7186
7074
7150
7150
7142
7219
7345
7120
7169
10490
7512
11649
7558
7203
7123
7112
7189
7048
7123
8521
7388
7188
7197
7691
7244
7430
7224
7186
7250
7139
7110
7101
7205
7394
7278
10904
7676
7100
7131
7284
8487
7306
7190
7328
7670
7183
7081
7099
7306
7318
7145
7205
7276
7145
7117
7630
7350
7228
7263
7261
7133
10924
7674
7175
7217
7135
7133
7479
7385
7142
7261
7138
7163
7158
7286
7094
7125
7094
7139
7193
7170
7285
8698
7454
7079
7169
7130
10468
7535
7151
7624
7375
7195
7344
7319
7174
7440
7185
7480
7274
7140
7087
7467
8548
7312
7404
7205
7081
8233
10393
6950
6786
6856
9991
8365
6884
6896
6821
6955
6897
6796
6872
6833
6870
8268
7017
6916
6789
6851
6717
6777
6838
7076
6953
6804
6802
6784
6854
6908
10051
8299
6889
6868
6768
6908
8130
6937
6791
6789
6780
6930
6837
6939
6874
6901
6870
7019
6808
6873
6863
6917
6889
6911
7004
6826
10486
8334
6960
6888
6866
6817
6833
8132
6920
6802
6873
6793
6928
6837
6887
6803
6792
6771
6822
7016
6844
6848
8104
6976
6897
6928
10021
7058
6754
6804
6894
6846
6707
6852
6772
6855
6882
9786
7291
8685
7315
7197
7089
8153
7392
7155
7204
7118
7230
7124
7058
7140
16566
7754
7100
7962
7198
7205
7087
7141
10031
6794
6776
6829
8224
7120
6790
6786
6829
6885
6859
8225
7019
6960
6857
6850
6870
7022
10164
7201
6735
6821
6822
6975
6831
8175
7097
6795
6877
6974
6808
6814
6825
6879
6841
6794
6846
6821
6798
6801
6742
6818
6869
8516
10176
7247
7974
6951
6807
6893
6969
6877
6839
6878
6787
6897
6831
6912
6837
6816
6796
6857
6915
6793
6858
6865
6897
8370
7072
6893
10085
7245
6820
6862
6830
8225
6987
7018
6839
6758
6766
6754
6972
6966
6941
6985
6974
6998
8149
7026
6728
6774
6814
6996
7045
6843
9898
7328
6882
6794
6764
6791
12077
7372
7205
7021
7135
9021
7311
8335
7292
7298
7157
7149
7169
7060
7251
7260
7352
7134
7157
7254
7820
7289
7173
7237
7191
7512
7522
7234
7816
7309
7444
7299
7243
7181
7649
7503
7255
7600
7149
7162
10362
7169
6945
7039
6974
7395
7225
7158
7066
6800
6821
7083
6986
6785
6928
7274
6905
7172
6936
6780
7055
6981
7317
7253
6790
7238
7105
6870
6891
6812
6809
6821
6795
6722
6778
6876
7301
6745
6712
7255
6801
7088
7039
6882
7026
6792
6779
6930
6893
6839
7296
6901
6770
6840
6817
7070
6924
6711
7465
6982
7000
6724
6819
6926
6893
7135
11936
7148
6965
6898
6815
6903
7286
6994
7068
7540
6796
6921
6900
6799
6926
6881
7015
6871
7024
7530
7035
7056
6904
6714
6858
7262
7031
6830
6846
7248
6969
6934
6902
6778
6778
6833
7053
7071
6870
6871
6831
7467
7025
7240
6983
6772
7014
6914
7019
7057
7374
7170
7074
7133
6960
6903
6918
7261
7008
6996
6977
7327
6946
6840
7104
7052
6886
6867
6836
7087
6815
6719
6855
7003
6822
6793
7150
6995
6852
7021
6756
7134
6966
6762
7141
6879
7180
6883
6728
6773
6766
6993
7205
6887
6785
7037
6863
6791
7557
7084
7134
6954
7376
7171
7003
6884
7150
6755
6879
8331
7328
6867
6725
7142
7536
6810
6838
7257
6760
6733
6916
6927
6789
7015
7213
6992
6966
7098
6993
7145
6849
6993
7262
7084
7185
6850
6871
6851
7140
6865
7319
7418
6915
6936
6983
6947
6839
7108
6841
7723
6928
6890
6977
6875
6897
8505
7080
6933
7071
6898
6806
7098
7296
7016
7081
7215
7247
6872
7027
7166
6969
6874
6765
7132
6844
6837
6786
6799
7106
6840
7133
6863
7028
6867
6961
7240
7185
6853
6790
6942
6900
6804
7341
7051
6994
6945
6763
6806
6980
6862
7147
6862
7146
6776
6831
6749
6700
6857
6799
7283
6856
6848
6775
7036
6984
6984
7220
7810
10314
7585
7166
7142
7067
7755
7651
7059
7261
7453
8613
7308
7163
7485
7274
7200
7025
7106
7174
7213
7623
7091
7062
7255
7191
7409
7088
7045
7192
10367
6884
8324
7246
7026
6735
7127
6809
6722
6818
6809
6969
6883
7308
7607
7016
6851
6768
6754
6934
6939
6933
6868
7978
7387
7095
7016
6776
6840
6884
6836
7286
6916
6753
6749
10072
7247
7029
6914
6763
7080
6879
6782
6781
8096
6929
6841
7102
6798
6841
6825
6820
6864
6726
7103
6941
6974
6905
6749
6741
6729
9919
7247
6817
6822
8400
7063
6997
6943
6950
7025
6903
7092
6814
6866
7256
11296
7319
6808
7004
6888
6909
6749
7139
6791
7007
8107
10172
7214
6763
7069
7186
6810
6914
6831
6819
6997
6955
6741
6824
6756
6842
6776
6795
6867
6831
6880
7997
7556
6818
7058
6932
6901
10016
7221
7257
6864
6896
6908
7037
6842
6816
6727
6801
6759
7278
6979
6965
8096
6912
7022
6921
7005
7265
7020
6967
6773
6715
6859
10188
7227
7092
6876
7078
6863
6913
6833
6730
6783
7936
6883
6938
6725
6845
6838
6704
6761
6761
6932
6779
6802
6852
7075
7029
6720
9966
7261
6865
6759
6730
8022
7007
6841
6961
6825
6795
6808
6875
6845
6845
6858
6804
6837
10634
7926
7081
6867
7065
6920
6859
7065
11136
7266
6763
6984
6748
6841
6939
6867
6865
6956
7237
6757
6849
6828
6806
6957
6787
6723
6816
7210
6991
8040
7181
6856
6805
6832
9982
7301
6872
8411
6906
6772
6789
6886
6771
6837
6733
6727
6724
6824
6641
6949
8173
7004
6787
6958
6970
6899
6850
6802
6845
6812
10278
7168
6770
6858
6793
6865
6900
6903
6824
8576
6969
7911
6859
6727
6815
6959
6894
6686
6739
6844
7056
6918
6838
6816
6908
6958
10228
7262
6796
6780
6698
6774
7983
6997
6845
6876
6807
6971
6864
6835
6815
8386
6940
6802
6724
6796
6838
6868
11427
10297
7267
7012
10418
8615
7314
7164
7136
7098
7042
7120
7075
7192
7191
7048
7225
7105
7110
7383
7147
7213
7026
7266
7309
7706
7609
7137
7335
7301
7843
7530
7439
7573
7227
7155
7045
7326
7185
7113
7160
7160
7140
7503
7201
7087
7105
7988
7363
7230
7332
7106
7228
7110
7317
7268
7574
7164
6898
7021
6872
6752
6965
7314
7134
6962
6960
6799
7223
6771
7020
7168
6816
6764
6836
7092
6781
6735
7145
6911
6757
7323
7322
6773
6756
7281
7005
6973
7179
7051
6887
7023
6776
6772
6832
7157
7077
6802
6803
7191
7097
6810
7196
6851
7166
7541
11424
7481
6928
6803
6817
6982
6952
6928
7024
7198
6848
6951
6916
7117
7110
7077
7303
6847
6832
7169
6955
7269
6799
7039
6973
6803
9899
7238
7097
7516
7187
7495
7124
7716
7354
7199
7591
7449
7146
7056
7441
7263
7150
7191
7167
7583
7146
7176
7680
7796
7325
7139
7111
7398
7070
7273
7169
7079
7045
7477
7298
7005
7160
7297
7224
7131
7014
7240
7237
7531
7330
7238
10083
7186
6902
7302
7307
6828
6837
7120
7146
6845
6936
9992
7230
7111
7190
7037
7285
8323
7152
7025
7328
7138
7792
7636
7311
7456
7320
7256
7315
7159
7056
7035
7064
11020
7850
7212
7137
7527
7261
7268
7337
7212
7843
7179
7298
7146
7409
7304
7175
7202
7395
7495
7533
7745
7440
7207
7511
7337
7930
7322
7200
7324
10072
7319
7065
7028
6869
6975
7002
6987
6812
6984
7153
7056
7710
7207
6852
7099
7223
6857
6830
6846
7355
7217
7180
6991
7071
7062
6850
6997
7519
6827
7096
7186
6826
6742
7094
7080
6750
6832
6852
6992
6981
7178
7528
6816
6788
6817
6999
7299
7532
7185
7271
7059
7186
7163
6756
6926
6835
6913
7034
7112
7492
7014
6887
6754
6809
6894
6830
6825
7164
7009
6886
6879
7278
7042
6851
6950
7609
7000
8482
7298
7154
7035
7517
7153
7380
7359
7367
7322
7147
7241
7289
7306
7680
7307
7336
7118
7522
7237
7105
9994
7063
6845
7289
7140
6817
7090
7116
7018
8327
7248
6824
6773
7149
6910
6793
6900
7151
6960
6842
6795
7216
7148
6821
7015
6975
6893
6959
6891
7499
8222
7335
6876
6845
6935
7050
6915
6903
6875
7393
7012
6812
7106
6877
7265
7057
6883
7029
6878
6853
7127
8180
7357
6862
6806
6885
7007
7034
7277
7057
7093
6864
6961
6955
6985
7223
6884
6790
6914
7046
6891
6729
8135
7537
7074
6945
7028
6853
6871
6892
6850
7143
7117
6784
6969
16395
8311
6894
6771
6731
7397
6801
7217
9523
7053
7000
6883
6916
6799
6982
6926
6755
7049
6856
7048
7136
6835
6990
6706
6926
6824
7019
6926
6917
7868
7037
7554
7155
6830
6867
7166
6975
6944
6813
7013
6865
6800
6874
6806
6809
6819
6862
6927
6796
6998
8180
7169
7003
7071
6737
6721
6853
6863
6833
6760
6823
6795
7246
7188
6834
6843
6868
6920
6765
6892
6864
10803
7064
7056
6740
6779
6701
6918
6993
6863
6784
7177
6808
6765
6802
6891
6864
7304
6927
6967
6792
7144
8085
6842
7035
7092
6841
7231
6924
6991
7031
7177
6998
6879
7111
7035
11100
7610
6942
7072
6978
6817
6830
8334
7003
7036
6782
6893
6819
6822
6788
6985
6737
6904
7115
6837
6792
6767
6820
6739
6852
7012
6810
7021
8128
7200
6796
7006
6875
6788
6856
7297
6897
6906
7280
6819
6736
6880
6891
6851
6723
6856
7233
6856
6802
8125
6877
6825
6833
7127
7048
6889
10157
7215
6744
6742
6669
6814
6876
7360
6943
7029
7016
7086
6941
6814
8347
6946
6779
6746
6757
6779
6704
6879
7281
6995
6800
6735
10055
7360
6826
6897
6743
7142
6745
6778
6828
8239
6902
6763
6796
6802
6896
6878
6765
6826
7287
7047
7058
7052
6793
6693
6840
7392
10231
8153
10419
7296
8495
7344
7060
7027
7079
7045
7060
7528
7214
7401
7383
7061
7021
7107
7489
7027
7232
7114
7170
7065
7094
7720
7562
7256
7184
7071
7106
7812
7190
7496
7332
7260
7133
7628
7292
7524
7234
7670
7180
10117
6816
6889
7395
6960
7014
6929
6763
7060
6759
6752
6794
6930
7157
7115
6854
6942
7048
6971
6787
6792
6858
6785
6777
7210
7465
6984
6855
6855
6822
6831
7180
6996
7340
7036
6924
7116
7175
7003
6873
7081
7011
6885
6969
6806
7062
6774
6923
7248
7025
7336
7012
6873
6935
6923
7538
7247
6974
7110
6882
7005
7163
6983
6907
11349
7701
7506
6930
7544
7152
6974
7000
6877
6874
6924
6987
7492
6931
7356
7161
7274
6939
7144
7287
6974
7416
6920
7254
6944
7507
6807
7234
7206
7061
7112
7022
7128
6931
7578
7061
7024
7259
7164
7150
7218
7019
7521
7986
7176
7052
6986
6711
7541
6898
7186
7109
7063
7105
7147
7028
6949
7003
6988
7356
7494
6940
6796
6852
6820
6905
6849
6773
6811
6895
7168
6914
6825
7135
6965
6806
6925
7287
6814
6777
6798
6808
6782
6806
7037
7166
7575
6864
6851
6890
6951
6987
6958
7129
6931
7109
6842
6995
6813
6771
6929
6945
7429
7024
7368
7000
7047
7318
10523
7460
7102
6985
7083
7253
6810
7225
7004
7103
7071
6783
6969
7005
6822
6723
6797
7415
6977
6902
6930
6880
6979
6987
6843
7022
7064
6789
7034
6832
7622
6809
7213
6869
7313
6938
6843
6816
7225
7291
6921
6855
6825
6753
6945
6779
6854
6790
7153
6885
6854
6891
6838
6797
6874
7248
7103
7373
6952
6843
6782
6785
6851
7219
6795
6713
7459
6922
7068
7026
7073
6936
7220
6873
7267
7245
10259
7345
7156
7465
7437
7827
7547
7146
7158
7131
7075
7259
7095
7173
8186
7383
7441
7100
10205
6825
6856
7052
6977
7270
7105
7013
7269
6998
6998
7139
7088
7130
10521
11396
7340
7214
7111
7610
7184
7108
7531
7008
7139
7352
7319
7174
7226
10075
7031
7102
7396
7023
6832
6696
6967
6986
6922
7440
7244
7160
6873
6775
6964
6922
6809
7032
7521
6995
7268
7056
6845
6758
6789
6748
6891
7209
7208
8564
7034
7125
6900
6841
7107
6805
6726
6864
6856
6836
7064
6922
7264
7131
6852
7081
7060
7066
7091
6945
8164
6951
6806
6842
6819
6912
6786
7073
6858
6925
6764
6803
6849
6795
6770
6749
6723
6799
6907
7053
6803
8062
7419
6966
6792
6851
6714
6825
7046
6729
6834
6669
6719
6733
6761
6880
6848
6898
6854
6876
7274
7078
12091
7561
6915
6723
6808
6802
7222
6826
7292
7170
6794
6751
6839
6940
6766
6800
7264
6797
6871
6878
6723
8264
7131
6862
6883
6859
6840
6837
6902
7269
6871
6999
6849
6978
6758
6767
10031
7533
7123
6841
6687
6809
8247
7124
6870
7012
6869
6725
6717
6940
6998
6796
6689
6721
6794
7324
7010
6943
6828
7136
7030
6808
10223
8592
6959
6816
6950
6808
6722
6995
7100
7016
6781
6834
6705
6767
6823
6769
6795
6815
6795
6800
6763
6937
8195
7032
6832
6899
10308
7246
6835
6752
6758
6790
6898
7110
6977
6958
6809
6911
7200
6776
7220
6901
6752
8077
7078
10411
7655
6856
6690
6694
6701
7134
10082
7095
6748
6794
6755
6829
6766
6723
6739
6948
6874
6754
8418
6930
6977
6893
6755
6706
6683
7075
6889
6845
6680
6721
6837
6856
10099
7316
6783
6959
7230
6733
7122
8269
6945
6696
6801
6815
6860
7097
7146
7105
6939
6730
7202
6873
6802
6761
6851
6796
7498
6838
10056
7095
7964
7198
7044
7298
6847
6751
7020
6947
6808
6872
8390
6852
7404
7018
6795
6842
6935
6885
6909
6797
6864
8132
6906
7040
9876
7291
6759
6753
6706
6734
6808
6924
6793
7256
6804
6707
6876
6755
7009
7166
7195
6720
8110
6853
6735
6749
11372
7459
7475
6947
10620
7581
7578
7157
7082
7058
7067
7301
7211
7066
7028
7160
7527
8909
7340
7325
7138
7082
7255
7380
7092
7086
7163
7347
7040
6787
10096
7249
6844
6758
6690
7197
6796
6889
8138
6921
6680
6836
6696
6769
6949
6803
7013
6777
7006
6756
6735
6721
6993
7047
6826
6964
10498
7250
6822
8056
6905
6957
6990
6776
6755
6672
6873
6905
6778
6762
6901
6784
6856
6899
6902
6962
6728
7154
6829
6763
7994
6937
10236
7196
6811
6827
6801
6745
6856
6938
6743
6962
6831
6749
7237
6780
7072
6864
6790
6756
6888
8081
7004
6937
6810
7336
11483
7404
10803
7314
6994
7037
7060
7134
6949
6977
6963
6908
6757
6849
6933
6777
11565
7541
7424
7187
7445
7320
7153
7274
7597
7328
7179
7135
10862
7899
10159
6889
6949
6995
6826
6710
6791
7963
7138
7164
6928
6927
6754
6945
6940
6718
6762
6638
7258
6829
6789
6795
6855
6790
10380
7390
6855
6934
8389
6990
6987
6867
7043
7018
6873
8168
7062
6844
6762
6882
6788
6898
6898
6750
6874
6760
6855
6864
6828
8178
10318
7178
6855
6829
7012
6844
6809
6789
7018
6792
6799
6716
6771
6979
6902
6854
6811
8375
7073
6791
10782
6919
6755
6880
6841
16891
17369
7486
6809
6886
6876
6938
6832
6827
6752
6802
6840
6786
6812
6917
6902
8279
6975
6778
6690
6792
6771
6775
6978
8214
6957
6759
10059
7316
6746
6909
6946
6794
6810
6831
6871
6745
8095
6988
6847
6797
6922
6855
6809
6688
6743
6740
6916
6810
6731
6795
6887
6755
10208
7118
6785
8345
6892
7784
6844
6970
6829
6793
6758
6901
6774
6776
6810
6791
6870
6850
6721
6869
6810
6900
6844
6925
6762
6976
11094
7266
6768
6851
6898
6970
6691
6816
6786
8693
6974
6760
6748
6735
6837
6843
7035
6845
6931
6942
6724
8304
7238
6849
6786
6921
19451
11192
7314
7111
7129
7133
7150
7062
7082
7061
7083
7144
7143
7306
7217
8974
8301
7151
7171
10064
6838
6848
6761
6948
6856
6876
13840
7456
6684
6837
7005
6744
6806
6967
6762
6789
6745
8090
6959
6753
6749
6900
6740
6685
6716
6837
6955
8349
6938
6666
6758
6776
13898
7520
6808
6800
6691
6809
8126
6986
6720
6746
6780
6857
6915
6907
6940
6965
6905
6795
6917
6882
6704
6789
6913
6736
6742
6869
10294
9224
7150
6765
6801
6810
6697
6735
6902
6828
6789
6882
6827
6786
6718
6738
6807
6772
6880
6857
6834
6883
8292
6999
6765
6688
14514
12089
7264
6775
6725
6751
6823
8534
6945
6799
6762
6781
6713
6703
6914
6885
6785
8029
6957
6734
6711
6914
6795
6792
6734
6701
15213
7446
6750
6818
6877
6733
6737
6790
6779
6739
6811
6787
8169
8214
6854
6786
6684
6859
6794
6792
6908
6899
6713
6930
6824
6879
9786
7247
6926
6797
6742
6734
6688
8067
7129
6750
6882
6779
6788
6730
6830
6860
6989
6732
6677
8251
6903
6789
6798
6830
6740
6763
9862
7292
9134
6981
6772
6876
6900
6875
6850
6938
6754
6771
6725
6942
6857
6725
6811
6725
6817
6865
6934
6791
6662
7835
6910
8147
9932
7106
6761
6832
11307
7053
6826
6791
6719
6852
6791
6744
6746
6968
6952
6842
6876
6749
8161
6865
6709
6700
6772
6725
6682
6717
9883
7231
6726
6794
6906
8344
6935
6728
6769
6722
6873
6732
6888
8043
6953
6760
6716
6744
6686
6755
6747
6776
6836
6923
6731
6664
9906
7200
6811
6839
6676
6695
6717
6780
7976
6936
6773
8023
6917
6913
6737
6796
6741
6784
6972
6847
6758
6868
6831
6840
6760
6718
9872
7201
6735
7950
6960
6800
6673
6770
6825
6867
6911
6742
6824
6959
6719
6783
6751
8160
6886
6765
6676
6780
6756
6762
7778
6890
9820
7123
6729
6824
6652
6720
6804
6809
10915
7343
10251
7125
6989
7081
7120
7075
7077
7086
7081
8500
7567
7060
7031
8616
7265
7091
10376
7536
7121
7164
7062
7058
7028
7130
7125
7148
7266
7234
7065
7214
7920
7325
7271
7082
7324
7226
7192
7347
7279
7160
7044
7171
7554
7186
7197
7528
7431
7573
7187
7184
7200
7290
7827
7555
7167
7061
7191
10354
6841
7179
6991
6843
6722
7006
7363
7031
6826
6756
7236
7262
6811
7023
6855
7019
7117
6924
6711
6901
7628
7014
7268
7160
6918
7012
6783
6855
6716
7099
6876
7091
6826
7001
7048
6854
6757
7198
6871
6755
6895
6782
7080
7320
7015
7150
11144
7559
6848
6650
6779
6678
6749
6764
6713
6760
6920
6825
7251
6757
6708
6844
6716
6757
7097
7031
6792
6783
6783
6960
6799
6716
6654
6697
6854
6817
6934
6804
6803
6681
9372
7154
6771
7470
7046
6827
7051
7222
7049
7076
7365
6846
7127
6976
7021
7111
7632
7039
6933
7088
6943
6774
6869
7141
7131
6780
6815
6778
6969
6862
6951
7036
6926
7639
7428
6886
7153
6777
6970
6962
6946
7102
6866
7018
7080
6902
6927
6760
6862
7218
6732
6991
7229
7149
6999
6988
6986
6798
6907
6828
6786
6740
7105
6867
6911
7210
7031
6891
7243
6993
6875
6811
6697
6732
11060
7698
6945
6795
7228
7114
7113
6917
6823
6701
6715
6712
6982
7274
7277
6857
6894
6998
6952
6851
7124
7235
6866
7088
6884
6979
7091
6887
6766
6816
6781
7259
7026
7171
6953
7076
6779
6939
6774
7351
6796
6833
6850
7143
6883
6953
7097
7004
7084
6810
6719
7172
7229
6918
6817
7387
7007
6861
7033
7147
6958
6906
6817
7071
6988
7009
6793
7095
7178
6955
6992
7085
6841
6765
6796
6792
7045
6838
6750
6759
6791
6951
6926
6748
6848
7220
6822
6761
6800
7537
6899
6902
6780
6814
6957
6887
6882
7398
6960
6893
7197
6972
7427
7134
6965
7189
6882
6785
6786
6750
11260
10712
7814
7122
7160
7114
7198
7511
7404
7677
7097
7403
7796
7650
7457
7306
7407
7328
7329
7661
7624
7278
8751
10215
6906
6735
6828
7278
6932
6873
6862
6926
6905
6871
7021
6848
6874
6877
6738
6749
7260
6921
7285
7890
7036
6850
6991
7371
7039
7026
6820
6770
6827
6764
7204
6916
7042
7181
6890
7155
6888
7214
6938
7034
8219
7009
6862
6798
6863
6862
6831
6830
6766
6765
6884
7259
6794
6706
6743
6956
7262
7008
6867
6798
7268
8013
6821
6737
7047
6936
7091
7001
6866
6892
7013
7002
6921
6754
7022
6847
6745
6814
6892
6979
7003
6778
8012
6929
7574
6938
6849
6897
7225
6919
6836
6904
6841
6763
6827
6774
6794
6895
7244
6847
6835
6880
7017
8256
6997
7157
7037
6928
6921
6783
6888
6818
7290
6954
6927
7186
6916
7077
6926
6991
7281
7019
7066
7290
8101
6977
6781
7005
6898
6896
7236
6989
6960
7072
6824
6823
6731
6735
6799
6833
6807
7133
6914
6751
7224
8150
7332
6864
7114
7059
6869
6845
6683
6866
6843
6876
6723
7133
6877
6832
6906
6907
7222
6874
7071
7155
8178
7000
6860
6910
6769
6855
6822
6790
10262
7337
7103
7072
6829
6899
6898
6767
6800
6705
6690
6818
6754
8127
6953
6781
6766
7047
11412
7022
6669
6721
6902
6783
6759
7321
10299
7258
6688
6916
6745
6770
6757
7090
8076
7000
6902
6764
6756
6765
7065
6749
6677
6685
6661
6627
6869
6872
6685
6666
6648
6725
13094
7698
7325
8305
7226
7092
6945
7360
7122
7443
7215
7078
7068
6954
7008
7138
7169
7100
7470
10122
6937
6868
7043
6891
8082
7042
10106
7201
6782
6809
7082
6891
6841
6770
6868
6778
6739
6750
6849
7387
6981
6880
7016
7079
6904
8258
7193
6857
6804
6878
7065
6817
9810
7223
6784
7159
6950
6896
6771
6901
6805
6723
6770
8250
6992
6720
7974
6829
6824
6735
6825
6829
6832
21321
7489
7140
7035
7053
10809
7684
7076
7026
7026
7104
7161
7228
7175
8368
7242
7207
7291
7215
7205
7128
7071
7696
7133
7206
7251
7291
7201
7208
7204
7554
7836
7219
7211
7267
7800
7232
7308
7173
7350
7131
7248
7125
7289
7624
7383
7534
7123
7072
7027
7107
7806
7138
7069
7104
7173
7185
7110
7198
7084
7091
7162
6993
7377
7140
7644
7363
7037
10180
7441
7015
6774
6865
7079
6978
6846
6727
6928
6925
6971
6727
7223
6842
6878
6780
7025
6783
7182
6968
6743
6844
6721
7128
6772
6728
7061
6856
6818
7204
6920
6895
6951
6809
6825
12075
7820
6984
7001
6765
6649
6847
6906
7131
6755
6822
6838
6708
6767
6844
6825
6959
7244
6752
7016
7241
6872
7013
6849
6709
6708
6916
6819
6734
6860
6783
7093
6894
6804
6809
6725
7606
6765
6692
6735
7067
6975
6796
6808
6847
7221
6960
6884
6870
6930
7278
6889
7089
6892
6865
7149
6973
6864
6856
6795
6724
6821
7025
6878
6838
6815
6826
6848
6752
6796
6753
7409
7021
7017
6721
7164
6721
6835
7183
6851
7007
6799
6822
6681
6771
6742
7175
6906
7204
6900
7023
6747
6892
6718
6701
6679
6931
7346
6722
6794
6718
6905
6784
6724
6831
6644
7338
6749
7246
6963
10549
7463
6748
6713
6709
7041
6945
6744
6919
7041
7053
7115
6910
7524
6950
6865
7080
6829
6890
7056
7053
6929
7163
6789
6695
7124
6773
6795
7102
7438
6906
6880
6889
7237
7150
6828
6935
7013
6737
7096
6784
7138
7319
6807
6707
6661
6994
6934
7150
6957
6887
6721
6778
7025
6928
7147
6733
7041
7456
6835
6771
6935
7176
6816
6896
6802
6789
6791
6897
6900
7278
7236
6970
6877
6924
6877
6867
7146
6886
7077
6772
6817
7403
6913
6687
6813
6751
6870
7048
6805
6681
6750
6886
7039
6870
7055
8377
7039
6894
6725
6754
6891
7193
7039
6738
6767
6838
6802
6801
11293
11040
7625
7072
7261
7124
7176
7197
7112
7005
7662
7051
6992
7234
7246
7128
6914
7031
7170
10140
7306
6798
6633
6704
7604
6869
6907
6717
6939
7110
6735
7132
6993
6919
6945
6996
6915
7335
7439
6825
6730
6939
7061
6975
6989
7081
8510
6947
6769
6927
6764
6865
6706
6829
6869
6754
6764
6681
6894
6761
6732
6719
7034
6868
6984
6790
6820
8248
7124
6754
7140
6809
6896
6762
6797
6934
6721
6913
6894
6901
7050
6981
7134
6807
6757
6782
6705
6956
8039
6948
6751
6691
6776
6690
7115
6710
6839
7028
7000
6709
6834
6756
6697
6698
7648
7041
6855
6732
6908
9528
10852
7653
7109
7233
7073
7200
7041
7118
7213
7597
7095
7057
7267
7163
7113
7054
7353
7246
7167
7036
7659
7563
7385
7184
7589
7350
7160
7078
7564
7339
7446
7172
7644
7232
7174
7382
7845
7172
7068
7291
7539
7341
7543
7212
7133
7259
7232
7493
7552
7346
7249
7151
7125
7596
7089
7089
7102
7099
7486
7222
7382
7205
7447
7073
7075
7610
7466
7124
7358
7747
7368
7314
7487
7605
7442
7319
7125
7020
7202
6965
7348
7472
7318
7026
7026
7858
7504
7083
7188
7321
7271
7024
7418
7234
7489
7505
7156
7278
7155
7316
7255
7938
11582
7878
7453
7205
7130
7376
7356
7324
7310
7142
7122
7131
7209
7271
7464
7579
7365
7173
7398
7180
7759
7415
7223
7151
7084
7494
7234
7080
7076
7067
7252
7795
7383
7557
7337
7199
7283
7129
7178
7140
7117
7508
7105
7135
7059
7096
7160
7214
7259
7159
7705
7324
7034
7378
7431
7258
7156
7169
7161
7230
7101
7133
7164
7213
7686
7323
7190
7123
7279
7062
7315
7191
7369
7814
7442
7471
7039
7303
7268
7475
7229
7108
7197
7126
7025
7481
7305
7109
7343
7195
7197
7183
7654
7275
7169
7174
7203
8375
7598
7312
7344
7411
7187
7116
7173
11429
8131
7452
7589
7321
7843
7350
7245
7842
7411
7136
7323
7707
7328
7370
7568
7107
7581
7183
7331
7747
7400
7550
7149
7709
7245
7243
7380
7605
7253
7090
7719
7407
7178
7090
7161
7585
7262
7131
7419
7709
7177
7376
7396
7319
7235
7529
7301
7320
7669
7661
7266
7103
7144
7451
7308
7345
7220
7552
7220
7358
7175
7437
7129
7067
7779
7632
7160
7676
7466
7173
7346
7151
7095
7128
7129
7592
7138
7095
7048
7347
7251
7070
7695
7450
7336
7730
7379
7409
7491
7750
7239
7093
7289
7339
7314
7159
7339
7528
7291
7385
7331
7537
7257
7302
8035
7211
7173
7892
7306
7257
7098
7356
7418
7275
7308
7876
7350
7427
7139
7491
7270
7149
7071
7231
7221
7437
7249
7443
7562
7345
8590
7260
7101
7247
7663
7349
7307
7242
7198
7232
7193
7111
7311
7243
7703
7243
7118
7147
7320
7263
7125
8347
7380
7197
7209
7021
7092
7179
7379
7192
7241
7050
7056
7411
7420
7142
7500
7119
7025
7589
7415
7132
8210
7470
6996
7134
7639
7246
7385
7084
7253
7182
7149
7193
7629
7173
7370
7210
7456
7196
7424
7496
7130
10829
7269
7130
7104
7447
7156
7174
7632
7482
7203
7350
7222
7077
7234
7289
11670
7179
7466
7171
7104
7167
8326
7245
7169
7029
7110
7232
7702
7246
7172
7089
7525
7239
7143
7330
7527
7207
7190
7275
7216
7617
7323
8414
7619
7649
7130
7076
7336
7170
7083
7496
7309
7409
7193
7048
7434
7226
7196
7507
7128
7099
7084
7491
8361
7751
7250
7088
7290
7695
7360
7148
7050
7197
7105
7365
7589
7216
7230
7079
7153
7089
7063
7321
7564
8458
7759
7362
7250
7125
7092
7109
7142
7154
7175
7235
7119
7131
7150
7172
7130
7186
7236
7217
7421
7169
8267
7215
7383
7733
7115
7293
7274
7266
7144
7221
7605
7170
7278
7186
11147
7526
7226
7097
7448
7147
7126
8454
7346
6973
7290
7214
7137
7565
7064
7141
7302
7321
7055
7028
7049
7567
7438
7209
7115
7284
7262
7196
8251
7213
6999
7172
7065
7110
7051
7071
7054
7054
7021
7396
7207
7189
7198
7138
7471
7269
7059
7085
7105
8582
7710
7145
7174
7408
7269
7169
7129
7080
7059
7710
7084
7060
7289
7121
7262
7503
7237
7469
7001
7229
8303
7286
7053
6994
7001
7207
7089
6991
10769
7970
7155
7131
7206
7101
7230
7168
7003
7096
7064
7081
7324
8463
7395
7069
7005
7046
6981
7036
7012
7211
7017
6969
6984
7515
19803
9320
7054
7141
7156
7078
7111
7091
7709
7130
7312
7587
7080
7229
7111
7077
7165
6946
7213
10481
7261
6900
6854
6735
7248
7018
7224
6820
6968
7106
6670
6816
6990
6775
6804
7162
6986
6830
6996
6778
7073
6967
7160
7303
6797
6732
6870
6946
7106
6863
6717
6937
6836
6775
6718
7158
6783
7082
6944
7200
6892
6791
7177
6796
7068
6738
7076
7126
6979
8451
6919
6810
6866
7397
7050
6823
6915
7124
7370
7061
6829
7364
7177
6805
6782
6970
6913
6997
6843
6788
6806
6801
6769
6840
6948
7289
7188
6846
6666
6750
6764
7116
6952
7178
6728
6768
6669
11330
7548
7057
7155
6914
6793
7276
6930
6909
7133
6923
6898
10367
7246
7046
7253
7094
7236
7064
7009
7046
7422
7232
7047
10573
7137
6904
6811
6602
6708
6896
7015
7147
6887
6834
6939
6689
6865
6834
7456
6885
7183
7051
6816
7032
6763
6742
6960
6814
6684
7043
6746
6680
6685
6721
6709
6680
6711
6961
7181
7096
6755
6973
6928
6637
7289
6887
6857
7222
6951
7207
7050
6991
6906
6947
6830
7163
6975
6850
6722
6856
7184
7023
6861
6741
6716
6787
7127
6882
6701
6940
6858
6989
7037
7078
7215
6764
7077
7093
7071
6813
6956
7395
6874
6790
6664
6781
6915
6774
10624
7507
7365
7056
6981
6864
7189
7396
6851
6764
6983
6703
6736
6845
6966
7024
6773
6799
10097
7245
10284
7698
7366
7366
7741
7303
7252
7097
7109
7584
7288
7360
7154
7199
7472
7245
7136
7098
7299
7374
7396
7141
7027
7128
7500
7121
7022
7305
7308
7204
7205
7496
7200
7094
7654
7149
7228
7072
7325
7132
7019
7252
7338
7095
6990
7076
9968
7162
7244
6851
6960
6801
6720
6779
6869
6897
7197
6981
6802
6968
6838
6640
7050
6758
6840
6703
6710
7101
6969
6892
6916
7149
7043
7100
6764
6908
6774
6870
6698
6737
7066
6777
7172
7260
7035
6843
6799
11170
10989
7293
7214
7565
7213
7071
7112
7312
7665
7236
7245
7703
7468
7107
8225
7327
7297
7054
7067
7312
7216
7326
8015
7421
7233
7071
7300
7205
7305
7502
7316
7832
7250
10084
6957
6722
6769
7121
6989
6975
7046
6960
6800
6753
7008
7041
7341
6809
6925
7023
6979
7540
6823
6886
7031
6825
6764
6776
6683
7137
6835
6909
7003
6863
6789
6979
7210
6828
6784
6972
7049
7287
6850
6747
7174
7122
7052
6995
6821
6770
7156
7346
6928
6742
6968
6922
7014
7020
7427
7092
7497
6988
6793
6963
7124
6882
6773
6793
6745
7095
7080
6789
6966
6754
7165
6881
10945
7607
6813
7082
6882
6726
6772
6723
6747
6731
6858
6763
6706
6787
7134
7565
6908
6886
6779
6765
6951
7214
7577
6931
7024
6724
7055
6984
6742
7406
6763
6712
6865
7481
6962
7092
6937
7046
6987
7275
6883
6743
6758
6736
7089
7064
7039
6969
6819
7038
6864
6980
6722
6818
6923
6931
6801
6744
6787
7126
6869
7041
6741
6841
6728
6761
6753
6708
6815
6843
6714
6765
7095
6898
6752
6833
6682
6763
6705
6803
6709
6773
6813
7175
6752
6779
6819
7245
6949
6752
6722
6812
6986
7103
6878
6724
6935
7323
6868
6794
7133
6856
6793
7101
7047
7043
6790
6839
7054
6790
10344
7461
6824
7071
7258
7090
7072
6921
6711
6905
6807
6809
6992
7192
6802
6721
7107
7201
6867
7094
7513
7042
6906
6711
6717
6630
6743
7176
6900
6967
6929
6893
7402
7013
6838
6931
7000
7086
7116
7096
7285
6939
6798
6734
6776
6730
6807
6897
6863
7090
6728
6823
6941
6709
7018
6793
7515
6716
7027
6944
7054
6856
6900
7192
7090
6945
6948
7088
6958
7030
7054
6858
7155
6743
6965
6817
7102
7019
6859
7110
6728
7136
6997
6980
6802
6944
7089
6858
6760
7084
6881
7279
7145
6807
6662
6963
6941
6756
6944
6943
6811
6775
6709
6691
6959
7257
6764
6755
6960
7070
10929
7775
10449
7347
7100
7106
8804
7583
7430
7288
7133
7041
7274
7331
7129
7252
7322
7223
6993
7122
6964
7173
7465
7267
7231
7635
7088
7664
7047
10098
6657
6795
6862
7189
6935
6994
6851
6884
6767
6753
7108
6766
7022
6796
7035
6749
6664
7049
7220
7230
6748
6888
7036
6769
6745
6730
6654
6728
6960
6999
7196
6930
7243
6943
6797
7071
7267
6833
7219
7210
6788
7297
6790
6933
6825
6826
6793
6718
6743
6774
7401
7064
7030
6859
7239
6936
6668
7352
6738
7005
6779
6858
6721
6689
7287
6800
6847
6961
6965
7127
7003
7061
7322
6773
7270
7229
7023
6756
11018
7675
6949
7152
6797
6786
6993
7003
6961
6851
6695
6983
7198
7043
7489
7088
6791
6745
6832
6912
6743
6914
7119
6787
6915
7035
6837
7298
7218
6807
7901
7147
6833
6862
6875
6852
7289
6957
7049
6811
6886
7028
6962
6989
7055
7054
7479
6980
6760
6744
6647
6716
7060
6971
7034
7153
7051
6833
6746
6732
6784
6898
6892
7084
7319
7005
7178
7032
6923
6755
7254
7069
6904
6929
6783
6690
7022
6892
6958
6752
6914
6829
7125
6772
6916
6908
6794
7300
6835
7012
6991
6991
6982
6757
6984
6832
6837
6744
6726
6668
6766
6692
6760
7068
6943
7289
6882
6791
6737
6702
7773
7480
7040
7064
7031
6722
6734
6749
6847
7008
6993
6721
7136
7302
6879
6713
6816
6759
8781
7267
6840
6754
7039
6797
6807
7159
6930
6923
6915
6854
7350
6757
6819
6983
6893
7482
7015
6829
6831
6726
6745
6824
7101
6748
6817
6711
6921
6766
6773
6729
6929
7079
7215
6765
7121
6795
6836
6723
6922
7087
6987
7281
6926
6964
6825
6719
6711
6799
7058
7268
6831
6779
6761
6912
6927
7278
6841
6801
6859
6996
6834
6850
6891
6773
6909
6790
7015
6750
6702
6907
6900
7690
7184
7110
6778
6757
6726
6987
6861
7133
6933
7221
6890
7006
6990
6952
6936
7192
11033
11234
7275
7144
7272
7583
7079
7409
7223
7048
7185
7272
7066
7312
7277
7562
7256
7187
7046
7171
7163
7405
7217
7386
8040
7557
7314
7119
7077
7172
7127
7288
7490
7101
6961
6904
6792
7047
6897
6846
6906
7451
7097
6949
6863
6963
6784
7521
6819
6941
7006
6797
6756
6957
7212
6917
7066
6948
6942
7241
6843
6991
6991
6821
7363
10444
7382
7096
8072
7591
7142
7454
7039
7249
7233
7267
7233
7270
7419
7226
7229
7202
7111
10498
7007
7709
6968
6851
6931
6780
6729
6899
6900
7064
7060
6762
6884
6900
6704
7040
6801
6771
7171
6895
7097
7131
6735
17879
7531
7363
7010
7040
7007
7046
6940
7299
6780
6748
6947
6797
6969
6683
6634
6667
6799
6787
7194
7036
6754
6698
6673
6762
6723
6759
6746
6713
6826
6862
7298
6957
6869
6828
6674
6669
6732
6805
6732
6786
6773
7104
6887
6813
6814
6742
6743
7188
6793
7414
6768
6767
6729
6681
7199
6943
6978
7058
7311
6745
6892
6961
6956
7017
6739
7511
6990
6988
7027
7340
6927
7061
6714
7103
6882
7011
7175
6995
6736
